44
armadillo 0 21565 20664 30380 16664 15654 21248 22054 17643 17147 15731 21215 22929 79159 22979 20184 21184 24649 25461 14171 22164 21435 21321 26970 27856 24129 16222 18977 21213 16831 21975 15894 39521 24991 28622 25607 21523 20629 13970 23395 31345 82541 15502 21641
baboon 21565 0 13228 26670 9173 26111 2025 14352 34556 27625 9970 15456 15244 97604 14857 4213 3594 15944 16619 18682 3472 12421 827 9022 51165 22896 13730 31166 35773 7821 6051 21985 48721 18560 22580 22827 15383 22317 16930 13581 38164 101738 4797 22461
cat 20664 13228 0 26173 17316 16228 13384 13360 31964 23928 16168 14461 10333 94356 15846 13052 13411 15679 17886 17861 13438 15656 13263 16051 50174 22965 16377 29723 35498 16128 13445 19682 47973 18356 24011 20958 14486 21649 21718 15031 36082 98605 15719 23298
chicken 30380 26670 26173 0 28319 33721 26081 25302 38552 34695 25842 26501 27193 89971 30205 26388 26796 27659 28106 29256 27253 27761 26360 28816 48303 31030 27034 37508 34904 27860 26484 28548 49311 28369 32003 31665 25494 30301 30731 27275 44536 94707 26459 27167
chimp 16664 9173 17316 28319 0 19097 9301 17465 22851 19263 9842 19917 19890 93376 18728 7435 6825 19173 19247 13604 7392 15953 9114 16316 34156 22735 13663 19961 25332 2335 11942 15761 44392 21941 26680 26437 17945 21739 11531 18027 35519 98594 7018 21206
clouded_leopard 15654 26111 16228 33721 19097 0 26238 24783 15097 13801 18598 24205 22030 69868 23794 24549 26461 26440 30673 15340 27564 24670 26098 33184 23873 23801 19161 14550 20680 19340 26660 14530 34436 26667 29377 26102 23586 21351 15942 27461 24564 73721 19288 24707
colobus_monkey 21248 2025 13384 26081 9301 26238 0 14060 33471 27215 10052 15211 15346 96423 14828 4294 3858 15387 16833 18081 3770 12563 2091 8980 50391 23359 13587 30467 35169 8034 6288 21597 48039 18174 23029 22305 15043 22190 16461 13456 37749 100616 5371 22446
cow 22054 14352 13360 25302 17465 24783 14060 0 31930 26855 16393 14213 14974 90772 17226 13946 14160 17966 18025 18512 14268 14578 14073 17463 50909 22541 15921 22560 35996 16108 14049 17961 45243 17796 22565 20476 4181 21036 22188 15857 34270 93970 16041 22620
cpbat 17643 34556 31964 38552 22851 15097 33471 31930 0 15850 23646 32499 33610 70788 31817 32533 34342 35471 36443 17886 35999 32705 34501 41687 18910 28960 24885 15748 18939 24425 35730 16899 37646 34758 37031 33096 30394 24581 17828 35915 29195 73024 23352 28796
dog 17147 27625 23928 34695 19263 13801 27215 26855 15850 0 20775 26750 22655 67853 25382 25881 27735 29983 31431 16396 28774 25066 27366 34992 25682 25931 20191 17183 21340 19821 29081 13462 34540 27274 31441 26960 25344 19917 14559 29665 25969 71116 20037 26971
dusky_titi 15731 9970 16168 25842 9842 18598 10052 16393 23646 20775 0 17133 17552 84453 17037 9580 9978 19081 20368 15044 10581 15124 10027 13318 35059 19821 13340 21835 24637 9631 7863 16731 40926 19841 23254 22285 16149 19415 10685 16448 31816 87993 8223 20533
elephant 21215 15456 14461 26501 19917 24205 15211 14213 32499 26750 17133 0 16207 83513 16158 15136 14838 18458 21047 19517 15316 14240 15497 18913 50416 22056 15491 29391 35768 18343 15166 21879 40965 15911 22437 20076 15453 20193 23010 16072 29349 86889 17006 24444
ferret 22929 15244 10333 27193 19890 22030 15346 14974 33610 22655 17552 16207 0 89403 16874 15664 15478 17411 19824 18451 15674 15323 15014 17853 50531 23005 16870 30540 36183 18419 15810 20919 44852 17993 23071 19013 15520 20750 23668 16090 33818 93004 17383 25097
fugu 79159 97604 94356 89971 93376 69868 96423 90772 70788 67853 84453 83513 89403 0 80920 96543 97891 93122 109742 80403 100787 85249 96756 106156 76901 76340 81433 73857 78997 92700 99570 77150 46924 76316 77838 66685 88258 67347 79006 96734 48287 12190 86282 89401
galago 22979 14857 15846 30205 18728 23794 14828 17226 31817 25382 17037 16158 16874 80920 0 15339 15315 18461 22731 18590 15555 11578 14795 18852 49498 20469 13544 28783 36634 17562 15886 22230 39072 16248 21524 18924 16732 20050 21785 16739 28749 84588 16211 25684
gibbon 20184 4213 13052 26388 7435 24549 4294 13946 32533 25881 9580 15136 15664 96543 15339 0 3129 15957 16527 17642 2938 12979 4029 9329 47541 22991 13418 28321 33252 6630 6835 20311 48601 19177 23806 22587 14530 22555 15501 14053 38271 100957 6450 21332
gorilla 21184 3594 13411 26796 6825 26461 3858 14160 34342 27735 9978 14838 15478 97891 15315 3129 0 15321 16834 18403 1233 12472 3643 8965 51098 23093 13580 31094 35873 6373 6162 21342 48934 18193 23532 22954 15361 22678 16538 12938 38604 102594 6821 22800
guinea_pig 24649 15944 15679 27659 19173 26440 15387 17966 35471 29983 19081 18458 17411 93122 18461 15957 15321 0 20346 21581 15320 17543 15770 18471 52217 23157 19157 33730 37064 18407 16412 24514 49278 20549 24056 22844 18250 23195 24191 16440 37759 96989 18637 25288
heagehog 25461 16619 17886 28106 19247 30673 16833 18025 36443 31431 20368 21047 19824 109742 22731 16527 16834 20346 0 22562 16785 21240 16660 19645 52239 27457 21547 34705 37728 18568 17784 24207 57390 25613 28201 30361 19292 26999 25383 18234 46460 112171 18354 24692
horse 14171 18682 17861 29256 13604 15340 18081 18512 17886 16396 15044 19517 18451 80403 18590 17642 18403 21581 22562 0 19636 18398 18402 24787 29388 19825 14911 16143 22761 14434 19679 13306 37661 22100 26179 22654 17343 19663 14157 20615 28902 84296 13402 21279
human 22164 3472 13438 27253 7392 27564 3770 14268 35999 28774 10581 15316 15674 100787 15555 2938 1233 15320 16785 19636 0 12561 3594 8632 53293 23647 14164 32547 37558 7104 6064 22654 50526 18466 23603 23267 15544 23229 17655 13120 39757 105064 7407 23899
lemur 21435 12421 15656 27761 15953 24670 12563 14578 32705 25066 15124 14240 15323 85249 11578 12979 12472 17543 21240 18398 12561 0 12556 16101 49826 21000 7642 29226 35686 14793 12821 21299 41617 16965 22081 18845 14773 19035 20229 14780 30609 88317 14244 24506
macaque 21321 827 13263 26360 9114 26098 2091 14073 34501 27366 10027 15497 15014 96756 14795 4029 3643 15770 16660 18402 3594 12556 0 9152 50954 22670 13745 30938 35682 7657 6157 21642 48343 18333 22405 22461 15007 22163 16982 13471 38172 101387 4660 22211
marmoset 26970 9022 16051 28816 16316 33184 8980 17463 41687 34992 13318 18913 17853 106156 18852 9329 8965 18471 19645 24787 8632 16101 9152 0 60990 27944 18545 39949 42942 14722 5854 27292 56775 22208 26965 25782 18478 28207 19964 16710 45316 110506 14269 27891
monodelphis 27856 51165 50174 48303 34156 23873 50391 50909 18910 25682 35059 50416 50531 76901 49498 47541 51098 52217 52239 29388 53293 49826 50954 60990 0 42277 38812 21104 9899 36328 53041 29089 45378 52556 54755 51444 47213 39173 28322 53455 42479 81158 36691 29720
mouse 24129 22896 22965 31030 22735 23801 23359 22541 28960 25931 19821 22056 23005 76340 20469 22991 23093 23157 27457 19825 23647 21000 22670 27944 42277 0 21062 26939 30861 22362 23310 23546 37294 21284 11125 24774 21647 23599 23715 21570 29044 78293 20596 25436
mouse_lemur 16222 13730 16377 27034 13663 19161 13587 15921 24885 20191 13340 15491 16870 81433 13544 13418 13580 19157 21547 14911 14164 7642 13745 18545 38812 21062 0 22127 28161 13094 14689 17562 38991 18055 23099 19243 15695 18530 16381 16752 28245 84274 12515 22069
muntjak_indian 18977 31166 29723 37508 19961 14550 30467 22560 15748 17183 21835 29391 30540 73857 28783 28321 31094 33730 34705 16143 32547 29226 30938 39949 21104 26939 22127 0 20627 21307 32278 16877 37538 32490 34447 31358 20268 23986 18440 34111 29583 77626 22039 26021
oppssum 21213 35773 35498 34904 25332 20680 35169 35996 18939 21340 24637 35768 36183 78997 36634 33252 35873 37064 37728 22761 37558 35686 35682 42942 9899 30861 28161 20627 0 26676 36997 22734 39281 38281 40175 39001 34211 29844 21771 37978 37597 82098 26693 17719
orangatun 16831 7821 16128 27860 2335 19340 8034 16108 24425 19821 9631 18343 18419 92700 17562 6630 6373 18407 18568 14434 7104 14793 7657 14722 36328 22362 13094 21307 26676 0 10742 16234 44619 20460 25677 24874 16673 21303 12029 17412 35357 97675 6235 20805
owl_monkey 21975 6051 13445 26484 11942 26660 6288 14049 35730 29081 7863 15166 15810 99570 15886 6835 6162 16412 17784 19679 6064 12821 6157 5854 53041 23310 14689 32278 36997 10742 0 22279 50278 18989 23614 22818 15153 23031 14843 14034 39060 104068 9532 23464
pig 15894 21985 19682 28548 15761 14530 21597 17961 16899 13462 16731 21879 20919 77150 22230 20311 21342 24514 24207 13306 22654 21299 21642 27292 29089 23546 17562 16877 22734 16234 22279 0 37887 24930 28102 24909 17495 20536 12888 23774 28940 80125 16390 23254
platypus 39521 48721 47973 49311 44392 34436 48039 45243 37646 34540 40926 40965 44852 46924 39072 48601 48934 49278 57390 37661 50526 41617 48343 56775 45378 37294 38991 37538 39281 44619 50278 37887 0 38375 40969 35047 43086 34365 39628 50541 26454 49285 41311 43817
rabbit 24991 18560 18356 28369 21941 26667 18174 17796 34758 27274 19841 15911 17993 76316 16248 19177 18193 20549 25613 22100 18466 16965 18333 22208 52556 21284 18055 32490 38281 20460 18989 24930 38375 0 21562 19806 18001 20781 25635 19110 27682 79722 19559 27803
rat 28622 22580 24011 32003 26680 29377 23029 22565 37031 31441 23254 22437 23071 77838 21524 23806 23532 24056 28201 26179 23603 22081 22405 26965 54755 11125 23099 34447 40175 25677 23614 28102 40969 21562 0 24430 22692 25238 28796 22234 31812 80292 23519 30748
rfbat 25607 22827 20958 31665 26437 26102 22305 20476 33096 26960 22285 20076 19013 66685 18924 22587 22954 22844 30361 22654 23267 18845 22461 25782 51444 24774 19243 31358 39001 24874 22818 24909 35047 19806 24430 0 20560 20675 26329 23114 25369 68937 23030 32371
sheep 21523 15383 14486 25494 17945 23586 15043 4181 30394 25344 16149 15453 15520 88258 16732 14530 15361 18250 19292 17343 15544 14773 15007 18478 47213 21647 15695 20268 34211 16673 15153 17495 43086 18001 22692 20560 0 20247 21232 16840 32559 90658 15805 22269
shrew 20629 22317 21649 30301 21739 21351 22190 21036 24581 19917 19415 20193 20750 67347 20050 22555 22678 23195 26999 19663 23229 19035 22163 28207 39173 23599 18530 23986 29844 21303 23031 20536 34365 20781 25238 20675 20247 0 21168 22281 23729 69517 20054 27072
squirrel_monkey 13970 16930 21718 30731 11531 15942 16461 22188 17828 14559 10685 23010 23668 79006 21785 15501 16538 24191 25383 14157 17655 20229 16982 19964 28322 23715 16381 18440 21771 12029 14843 12888 39628 25635 28796 26329 21232 21168 0 23850 29830 82342 10686 23799
st_squirrel 23395 13581 15031 27275 18027 27461 13456 15857 35915 29665 16448 16072 16090 96734 16739 14053 12938 16440 18234 20615 13120 14780 13471 16710 53455 21570 16752 34111 37978 17412 14034 23774 50541 19110 22234 23114 16840 22281 23850 0 37354 99911 16285 25022
tenrec 31345 38164 36082 44536 35519 24564 37749 34270 29195 25969 31816 29349 33818 48287 28749 38271 38604 37759 46460 28902 39757 30609 38172 45316 42479 29044 28245 29583 37597 35357 39060 28940 26454 27682 31812 25369 32559 23729 29830 37354 0 51044 32259 39326
tetra 82541 101738 98605 94707 98594 73721 100616 93970 73024 71116 87993 86889 93004 12190 84588 100957 102594 96989 112171 84296 105064 88317 101387 110506 81158 78293 84274 77626 82098 97675 104068 80125 49285 79722 80292 68937 90658 69517 82342 99911 51044 0 90666 93376
vervet 15502 4797 15719 26459 7018 19288 5371 16041 23352 20037 8223 17006 17383 86282 16211 6450 6821 18637 18354 13402 7407 14244 4660 14269 36691 20596 12515 22039 26693 6235 9532 16390 41311 19559 23519 23030 15805 20054 10686 16285 32259 90666 0 20219
wallaby 21641 22461 23298 27167 21206 24707 22446 22620 28796 26971 20533 24444 25097 89401 25684 21332 22800 25288 24692 21279 23899 24506 22211 27891 29720 25436 22069 26021 17719 20805 23464 23254 43817 27803 30748 32371 22269 27072 23799 25022 39326 93376 20219 0