44
armadillo 0.00 386787.36 330448.03 75581.52 158048.76 13424019.55 160210.08 166511.29 54246.32 3464340.49 597254.77 145679.57 238351.75 93459.48 95006.23 89144.00 162869.64 148068.57 447603.39 55868.60 475385.20 141314.38 298815.45 159862.69 164147.12 234117.98 156123.34 73992.23 134106.59 1020108.81 288485.88 56613.17 595033.89 158258.93 117873.30 105586.04 83744.64 161361614.91 93932.22 604268.16 130722.69 81913.68 23827207.04 257260.92
baboon 386787.36 0.00 607596.89 412413.43 385463.42 13173071.68 285257.68 484814.94 390965.83 3623654.44 777395.96 455607.90 555048.04 432779.26 406425.40 331484.97 366439.67 442273.88 686381.72 381452.54 548725.89 447541.95 188633.84 404754.54 495487.30 523524.18 454110.37 399541.04 472451.58 1094625.44 464137.55 386936.38 923555.82 466326.91 446075.84 421245.02 397101.22 160423428.64 379863.28 779948.25 453113.30 429062.59 21970441.38 555339.04
cat 330448.03 607596.89 0.00 335390.73 404137.34 12947728.67 397193.28 398231.26 322764.30 3589463.92 835930.11 383824.27 436724.35 377460.09 343042.92 336247.64 385539.08 394428.76 656950.74 317695.84 621697.61 398291.22 549737.95 416479.98 444294.22 496451.10 399448.66 339673.19 420849.79 1197779.85 502809.57 310114.77 836137.33 406391.36 386207.36 361600.16 343810.17 158005535.53 355474.04 823390.82 396119.98 377829.75 23511434.83 509149.14
chicken 75581.52 412413.43 335390.73 0.00 178978.90 13402140.18 179091.93 179677.89 69125.59 3496913.66 632226.88 165073.13 249454.50 109929.02 114160.97 112034.51 196223.86 161591.08 445386.70 76765.93 512533.00 164779.86 326617.71 179827.15 174378.18 241832.36 177148.50 92371.16 148799.95 1049732.54 323792.55 73450.79 614998.85 169875.89 137973.72 128293.85 99022.97 160303883.44 115927.85 611730.57 144752.07 96275.25 23841365.29 273948.86
chimp 158048.76 385463.42 404137.34 178978.90 0.00 13427957.53 190736.62 262592.99 156300.00 3501684.91 615012.65 232618.73 342113.21 196411.62 181022.02 136097.18 160950.51 250747.99 520723.99 157533.07 388974.12 227586.53 306788.61 228109.40 265264.27 316853.92 241254.59 162584.66 232809.18 846287.74 323263.31 151515.27 696161.51 239422.05 216486.72 205057.77 177292.71 160596767.21 171433.44 655892.32 227684.40 183332.29 23260928.18 323232.04
clouded_leopard 13424019.55 13173071.68 12947728.67 13402140.18 13427957.53 0.00 13245790.79 13288622.88 13420941.96 15371936.04 13518637.85 13315125.04 13304850.75 13211091.95 13405889.29 13374181.58 13225108.33 13345775.24 13467501.77 13476182.36 13266828.37 13392114.07 13181623.65 13405741.31 13173545.63 13593843.41 13332593.39 13453260.21 13460832.57 13497286.21 13290819.26 13463476.31 13942088.69 13234313.35 13476435.80 13385829.87 13377962.48 160094376.82 13331883.44 13277480.31 13554664.59 13005815.98 30567799.57 13406246.71
colobus_monkey 160210.08 285257.68 397193.28 179091.93 190736.62 13245790.79 0.00 249900.35 154010.19 3535281.70 632854.28 229032.04 321075.99 212098.81 171847.72 141283.20 198871.41 241545.58 502736.93 156343.68 411383.27 218644.89 215467.09 209086.49 273495.73 321773.12 234637.10 161141.44 240991.52 960007.03 297055.43 149154.49 714929.09 251177.05 216810.16 198699.60 166278.00 160555134.68 166595.87 596037.66 235178.32 199515.58 22842411.06 341135.46
cow 166511.29 484814.94 398231.26 179677.89 262592.99 13288622.88 249900.35 0.00 159484.86 3461102.16 690239.44 228963.85 292194.26 220517.52 204214.93 185397.50 257901.59 259642.85 519448.68 163373.62 558042.90 244027.63 390647.87 253570.42 273124.12 327574.75 260925.38 149833.73 254128.74 1070969.68 389460.78 159579.91 684015.31 249020.05 226833.14 211156.99 122173.82 158484888.86 189276.27 675604.96 237124.28 204712.15 23718689.78 358330.78
cpbat 54246.32 390965.83 322764.30 69125.59 156300.00 13420941.96 154010.19 159484.86 0.00 3405424.84 622652.37 141276.30 225974.00 87805.17 86518.51 92000.87 172678.70 148412.80 446148.33 55117.19 488845.23 143135.43 313688.55 163592.75 165599.48 224183.97 156952.57 62804.21 135926.42 1033514.07 296843.42 49742.53 566977.75 156735.67 121685.26 99867.61 73655.34 157782545.37 98019.91 581032.25 125740.17 71650.47 23897167.61 256547.04
dog 3464340.49 3623654.44 3589463.92 3496913.66 3501684.91 15371936.04 3535281.70 3461102.16 3405424.84 0.00 3830830.78 3472381.84 3377669.76 3399699.04 3459403.66 3386424.44 3425515.31 3479504.57 3589128.83 3444824.46 3535319.80 3443281.75 3587789.51 3481716.72 3492426.37 3571896.24 3423861.17 3445082.57 3496523.18 4183400.01 3522920.60 3367084.67 3890402.06 3437560.66 3455452.44 3497862.11 3445638.62 157551480.63 3442104.93 3744407.96 3556098.93 3506539.36 24660362.92 3549524.97
dusky_titi 597254.77 777395.96 835930.11 632226.88 615012.65 13518637.85 632854.28 690239.44 622652.37 3830830.78 0.00 639333.42 746110.33 646707.86 654008.06 576638.41 623376.21 674359.49 870600.15 597044.75 846654.09 660291.11 680351.89 611295.18 727806.94 752493.37 647265.41 632301.89 701910.61 1339276.57 616260.20 605225.72 1168622.59 668625.84 652521.82 652596.38 618778.56 159781710.11 612420.97 908728.48 696102.86 643800.42 23085535.74 771608.82
elephant 145679.57 455607.90 383824.27 165073.13 232618.73 13315125.04 229032.04 228963.85 141276.30 3472381.84 639333.42 0.00 282287.45 189637.04 176787.88 165408.06 236439.87 221846.92 502326.33 155255.44 496621.30 199783.80 389792.60 233204.53 267062.24 304786.08 217736.53 158522.10 242841.21 1071678.59 342815.61 146053.35 669727.30 231226.80 203623.93 191380.74 155055.70 160345137.85 179073.25 650596.79 212012.11 177581.41 23542513.45 338692.69
ferret 238351.75 555048.04 436724.35 249454.50 342113.21 13304850.75 321075.99 292194.26 225974.00 3377669.76 746110.33 282287.45 0.00 290492.19 266917.65 254280.44 315100.16 317684.26 577885.77 233595.26 594149.11 310653.20 462059.48 313093.55 357056.62 406484.96 312653.63 246523.62 330821.51 1153744.45 449302.25 237766.44 752970.21 332260.90 283745.08 251772.74 251337.15 159375082.29 257968.55 705486.31 303991.10 276028.44 23663378.73 437429.04
fugu 93459.48 432779.26 377460.09 109929.02 196411.62 13211091.95 212098.81 220517.52 87805.17 3399699.04 646707.86 189637.04 290492.19 0.00 134863.77 133244.86 228402.10 187867.86 485904.28 102552.49 546491.57 178861.73 356913.08 206175.48 199997.96 276118.50 198056.97 109717.57 166552.10 1074850.51 352222.84 92049.06 615363.21 206913.29 166657.45 144828.64 125402.72 153798748.65 142071.95 667733.34 140432.52 60146.63 23458802.67 291981.63
galago 95006.23 406425.40 343042.92 114160.97 181022.02 13405889.29 171847.72 204214.93 86518.51 3459403.66 654008.06 176787.88 266917.65 134863.77 0.00 123678.43 203583.34 176266.88 478034.91 94251.71 505687.63 163513.72 338363.18 197749.66 196439.19 260936.43 182813.70 105003.94 172169.61 1039465.03 319478.17 89367.79 640428.46 193182.19 151216.56 127960.05 117602.18 160021416.16 122133.93 608112.89 164388.56 121734.94 23681868.90 285165.20
gibbon 89144.00 331484.97 336247.64 112034.51 136097.18 13374181.58 141283.20 185397.50 92000.87 3386424.44 576638.41 165408.06 254280.44 133244.86 123678.43 0.00 120376.80 180677.30 462115.67 93097.44 368724.70 175509.93 270491.62 168184.91 211676.57 272063.78 181180.53 103104.85 170659.69 939670.89 273999.28 88459.87 636255.89 188788.01 157044.65 149340.41 106327.83 161006346.58 113232.49 575867.70 156637.98 122574.95 23428863.89 290449.62
gorilla 162869.64 366439.67 385539.08 196223.86 160950.51 13225108.33 198871.41 257901.59 172678.70 3425515.31 623376.21 236439.87 315100.16 228402.10 203583.34 120376.80 0.00 262559.40 528403.91 168602.53 271519.25 228871.01 308990.80 229465.74 283540.40 337150.96 240280.30 179197.58 243290.68 930453.68 329117.70 169500.75 720611.63 257981.91 235759.23 221319.91 176462.55 160235139.74 183905.84 617389.34 246040.36 218082.52 23256695.76 350971.75
guinea_pig 148068.57 442273.88 394428.76 161591.08 250747.99 13345775.24 241545.58 259642.85 148412.80 3479504.57 674359.49 221846.92 317684.26 187867.86 176266.88 180677.30 262559.40 0.00 499580.41 153173.96 568642.76 221929.45 386136.81 242765.90 251208.46 305335.15 234443.51 161256.04 224766.70 1109074.99 379280.86 148407.99 689488.53 245349.06 201026.24 199094.16 177841.12 161254538.39 183196.60 642099.19 226119.14 173594.49 23483463.57 333004.20
heagehog 447603.39 686381.72 656950.74 445386.70 520723.99 13467501.77 502736.93 519448.68 446148.33 3589128.83 870600.15 502326.33 577885.77 485904.28 478034.91 462115.67 528403.91 499580.41 0.00 447226.36 820967.44 525892.33 589710.39 498198.23 550064.58 565178.22 526085.63 459876.79 501016.51 1362425.55 616059.13 435910.98 941836.88 504982.34 489801.84 492471.91 453787.25 157159345.92 470697.81 921094.68 518897.57 485157.43 23552824.39 614048.12
horse 55868.60 381452.54 317695.84 76765.93 157533.07 13476182.36 156343.68 163373.62 55117.19 3444824.46 597044.75 155255.44 233595.26 102552.49 94251.71 93097.44 168602.53 153173.96 447226.36 0.00 483432.79 136294.72 305564.27 165199.31 172794.01 232589.74 144997.14 72301.39 141848.18 1014885.81 287011.14 56652.14 601633.22 161679.72 122457.06 112187.65 84522.31 161110233.26 98886.33 577132.37 131337.80 88007.32 23819286.77 257376.88
human 475385.20 548725.89 621697.61 512533.00 388974.12 13266828.37 411383.27 558042.90 488845.23 3535319.80 846654.09 496621.30 594149.11 546491.57 505687.63 368724.70 271519.25 568642.76 820967.44 483432.79 0.00 515374.91 495078.26 482009.08 595980.12 606196.25 510472.56 494405.26 569092.50 1050990.60 563981.65 477036.42 985710.52 565027.75 546377.87 525307.11 481550.89 159084620.42 483460.77 863504.69 554264.05 547484.02 22948519.18 649929.60
lemur 141314.38 447541.95 398291.22 164779.86 227586.53 13392114.07 218644.89 244027.63 143135.43 3443281.75 660291.11 199783.80 310653.20 178861.73 163513.72 175509.93 228871.01 221929.45 525892.33 136294.72 515374.91 0.00 365284.15 232147.27 260559.15 309542.46 174252.32 157951.94 222910.33 1061039.02 363062.73 144908.34 671669.35 237203.40 201148.47 177257.39 165625.44 160423329.98 180352.39 645298.26 207192.83 176546.52 23646266.99 326675.00
macaque 298815.45 188633.84 549737.95 326617.71 306788.61 13181623.65 215467.09 390647.87 313688.55 3587789.51 680351.89 389792.60 462059.48 356913.08 338363.18 270491.62 308990.80 386136.81 589710.39 305564.27 495078.26 365284.15 0.00 342436.60 411490.47 468053.34 380140.94 317882.60 401246.33 996911.30 415742.17 303670.82 846416.58 394159.19 342473.82 354621.79 311834.21 160215538.54 308477.29 696719.63 377748.30 350370.51 22319333.41 475373.26
marmoset 159862.69 404754.54 416479.98 179827.15 228109.40 13405741.31 209086.49 253570.42 163592.75 3481716.72 611295.18 233204.53 313093.55 206175.48 197749.66 168184.91 229465.74 242765.90 498198.23 165199.31 482009.08 232147.27 342436.60 0.00 273562.66 323156.91 243014.39 181106.85 241948.80 1033297.49 297169.09 160717.39 714758.63 267565.53 233602.75 208012.15 182283.93 160810053.51 162324.74 647119.58 246933.51 202154.59 23246664.05 359684.11
monodelphis 164147.12 495487.30 444294.22 174378.18 265264.27 13173545.63 273495.73 273124.12 165599.48 3492426.37 727806.94 267062.24 357056.62 199997.96 196439.19 211676.57 283540.40 251208.46 550064.58 172794.01 595980.12 260559.15 411490.47 273562.66 0.00 326209.20 272034.91 180476.23 199851.00 1113348.68 416350.80 180786.10 643773.62 267574.41 232269.31 219360.63 194232.33 153065222.60 215173.90 729081.92 233339.87 186670.97 23530451.46 326761.21
mouse 234117.98 523524.18 496451.10 241832.36 316853.92 13593843.41 321773.12 327574.75 224183.97 3571896.24 752493.37 304786.08 406484.96 276118.50 260936.43 272063.78 337150.96 305335.15 565178.22 232589.74 606196.25 309542.46 468053.34 323156.91 326209.20 0.00 311468.94 250888.88 315730.68 1133450.64 459040.70 231845.41 732723.14 319910.89 251409.31 280335.88 250893.15 160664880.16 264562.75 731879.66 295504.37 267948.13 23838552.28 419158.67
mouse_lemur 156123.34 454110.37 399448.66 177148.50 241254.59 13332593.39 234637.10 260925.38 156952.57 3423861.17 647265.41 217736.53 312653.63 198056.97 182813.70 181180.53 240280.30 234443.51 526085.63 144997.14 510472.56 174252.32 380140.94 243014.39 272034.91 311468.94 0.00 175637.61 243752.50 1081300.55 359950.22 154138.32 704451.73 238616.40 207095.83 195145.16 173661.76 160450757.07 180412.71 623599.46 224886.27 186187.63 23665116.48 349269.08
muntjak_indian 73992.23 399541.04 339673.19 92371.16 162584.66 13453260.21 161141.44 149833.73 62804.21 3445082.57 632301.89 158522.10 246523.62 109717.57 105003.94 103104.85 179197.58 161256.04 459876.79 72301.39 494405.26 157951.94 317882.60 181106.85 180476.23 250888.88 175637.61 0.00 153147.92 1029109.22 307941.57 65966.50 606287.58 173210.43 130665.98 123659.19 74507.56 160275945.70 111156.61 602707.48 143820.08 93446.36 23811356.80 263971.90
oppssum 134106.59 472451.58 420849.79 148799.95 232809.18 13460832.57 240991.52 254128.74 135926.42 3496523.18 701910.61 242841.21 330821.51 166552.10 172169.61 170659.69 243290.68 224766.70 501016.51 141848.18 569092.50 222910.33 401246.33 241948.80 199851.00 315730.68 243752.50 153147.92 0.00 1082879.63 364488.27 137943.05 675050.50 245616.27 206763.45 190427.44 164576.72 160423907.69 165411.04 686320.07 205664.65 157030.29 23619978.47 299476.71
orangatun 1020108.81 1094625.44 1197779.85 1049732.54 846287.74 13497286.21 960007.03 1070969.68 1033514.07 4183400.01 1339276.57 1071678.59 1153744.45 1074850.51 1039465.03 939670.89 930453.68 1109074.99 1362425.55 1014885.81 1050990.60 1061039.02 996911.30 1033297.49 1113348.68 1133450.64 1081300.55 1029109.22 1082879.63 0.00 1137142.07 1023518.32 1589065.36 1093140.44 1047487.43 1065502.17 1014905.90 158920713.23 1032713.27 1397829.39 1108536.19 1018963.91 22941954.90 1135627.89
owl_monkey 288485.88 464137.55 502809.57 323792.55 323263.31 13290819.26 297055.43 389460.78 296843.42 3522920.60 616260.20 342815.61 449302.25 352222.84 319478.17 273999.28 329117.70 379280.86 616059.13 287011.14 563981.65 363062.73 415742.17 297169.09 416350.80 459040.70 359950.22 307941.57 364488.27 1137142.07 0.00 301138.00 875599.10 394211.29 352324.16 343863.24 301600.75 160110628.02 288340.46 732707.23 381432.95 348798.20 22764872.70 466942.63
pig 56613.17 386936.38 310114.77 73450.79 151515.27 13463476.31 149154.49 159579.91 49742.53 3367084.67 605225.72 146053.35 237766.44 92049.06 89367.79 88459.87 169500.75 148407.99 435910.98 56652.14 477036.42 144908.34 303670.82 160717.39 180786.10 231845.41 154138.32 65966.50 137943.05 1023518.32 301138.00 0.00 591301.31 162495.44 121392.78 109805.49 77873.32 157748488.55 92993.09 579287.22 127563.42 80628.62 23859487.41 256837.48
platypus 595033.89 923555.82 836137.33 614998.85 696161.51 13942088.69 714929.09 684015.31 566977.75 3890402.06 1168622.59 669727.30 752970.21 615363.21 640428.46 636255.89 720611.63 689488.53 941836.88 601633.22 985710.52 671669.35 846416.58 714758.63 643773.62 732723.14 704451.73 606287.58 675050.50 1589065.36 875599.10 591301.31 0.00 695943.72 665235.27 625122.54 631929.63 160612525.07 654886.69 1075122.24 640683.19 624421.00 24372424.68 789065.92
rabbit 158258.93 466326.91 406391.36 169875.89 239422.05 13234313.35 251177.05 249020.05 156735.67 3437560.66 668625.84 231226.80 332260.90 206913.29 193182.19 188788.01 257981.91 245349.06 504982.34 161679.72 565027.75 237203.40 394159.19 267565.53 267574.41 319910.89 238616.40 173210.43 245616.27 1093140.44 394211.29 162495.44 695943.72 0.00 221530.75 194453.82 175909.97 160446048.87 194490.56 656688.33 218435.17 189337.34 23674204.45 354640.75
rat 117873.30 446075.84 386207.36 137973.72 216486.72 13476435.80 216810.16 226833.14 121685.26 3455452.44 652521.82 203623.93 283745.08 166657.45 151216.56 157044.65 235759.23 201026.24 489801.84 122457.06 546377.87 201148.47 342473.82 233602.75 232269.31 251409.31 207095.83 130665.98 206763.45 1047487.43 352324.16 121392.78 665235.27 221530.75 0.00 170437.07 148503.79 159782667.54 159450.86 641523.59 184745.34 154535.89 23678575.00 339085.73
rfbat 105586.04 421245.02 361600.16 128293.85 205057.77 13385829.87 198699.60 211156.99 99867.61 3497862.11 652596.38 191380.74 251772.74 144828.64 127960.05 149340.41 221319.91 199094.16 492471.91 112187.65 525307.11 177257.39 354621.79 208012.15 219360.63 280335.88 195145.16 123659.19 190427.44 1065502.17 343863.24 109805.49 625122.54 194453.82 170437.07 0.00 131527.70 160819225.06 152485.00 638626.22 162825.23 127721.56 23780087.13 303907.05
sheep 83744.64 397101.22 343810.17 99022.97 177292.71 13377962.48 166278.00 122173.82 73655.34 3445638.62 618778.56 155055.70 251337.15 125402.72 117602.18 106327.83 176462.55 177841.12 453787.25 84522.31 481550.89 165625.44 311834.21 182283.93 194232.33 250893.15 173661.76 74507.56 164576.72 1014905.90 301600.75 77873.32 631929.63 175909.97 148503.79 131527.70 0.00 159814233.78 112941.26 598209.30 153318.95 114183.03 23761124.55 273647.39
shrew 161361614.91 160423428.64 158005535.53 160303883.44 160596767.21 160094376.82 160555134.68 158484888.86 157782545.37 157551480.63 159781710.11 160345137.85 159375082.29 153798748.65 160021416.16 161006346.58 160235139.74 161254538.39 157159345.92 161110233.26 159084620.42 160423329.98 160215538.54 160810053.51 153065222.60 160664880.16 160450757.07 160275945.70 160423907.69 158920713.23 160110628.02 157748488.55 160612525.07 160446048.87 159782667.54 160819225.06 159814233.78 0.00 161080680.29 159380951.61 159770482.17 157312335.87 165946989.43 158579088.78
squirrel_monkey 93932.22 379863.28 355474.04 115927.85 171433.44 13331883.44 166595.87 189276.27 98019.91 3442104.93 612420.97 179073.25 257968.55 142071.95 122133.93 113232.49 183905.84 183196.60 470697.81 98886.33 483460.77 180352.39 308477.29 162324.74 215173.90 264562.75 180412.71 111156.61 165411.04 1032713.27 288340.46 92993.09 654886.69 194490.56 159450.86 152485.00 112941.26 161080680.29 0.00 603354.17 168116.28 127537.57 23586948.42 292095.21
st_squirrel 604268.16 779948.25 823390.82 611730.57 655892.32 13277480.31 596037.66 675604.96 581032.25 3744407.96 908728.48 650596.79 705486.31 667733.34 608112.89 575867.70 617389.34 642099.19 921094.68 577132.37 863504.69 645298.26 696719.63 647119.58 729081.92 731879.66 623599.46 602707.48 686320.07 1397829.39 732707.23 579287.22 1075122.24 656688.33 641523.59 638626.22 598209.30 159380951.61 603354.17 0.00 678644.72 646972.94 23182038.73 750503.05
tenrec 130722.69 453113.30 396119.98 144752.07 227684.40 13554664.59 235178.32 237124.28 125740.17 3556098.93 696102.86 212012.11 303991.10 140432.52 164388.56 156637.98 246040.36 226119.14 518897.57 131337.80 554264.05 207192.83 377748.30 246933.51 233339.87 295504.37 224886.27 143820.08 205664.65 1108536.19 381432.95 127563.42 640683.19 218435.17 184745.34 162825.23 153318.95 159770482.17 168116.28 678644.72 0.00 133302.49 23758890.52 334309.18
tetra 81913.68 429062.59 377829.75 96275.25 183332.29 13005815.98 199515.58 204712.15 71650.47 3506539.36 643800.42 177581.41 276028.44 60146.63 121734.94 122574.95 218082.52 173594.49 485157.43 88007.32 547484.02 176546.52 350370.51 202154.59 186670.97 267948.13 186187.63 93446.36 157030.29 1018963.91 348798.20 80628.62 624421.00 189337.34 154535.89 127721.56 114183.03 157312335.87 127537.57 646972.94 133302.49 0.00 22707612.83 282667.89
vervet 23827207.04 21970441.38 23511434.83 23841365.29 23260928.18 30567799.57 22842411.06 23718689.78 23897167.61 24660362.92 23085535.74 23542513.45 23663378.73 23458802.67 23681868.90 23428863.89 23256695.76 23483463.57 23552824.39 23819286.77 22948519.18 23646266.99 22319333.41 23246664.05 23530451.46 23838552.28 23665116.48 23811356.80 23619978.47 22941954.90 22764872.70 23859487.41 24372424.68 23674204.45 23678575.00 23780087.13 23761124.55 165946989.43 23586948.42 23182038.73 23758890.52 22707612.83 0.00 23777788.72
wallaby 257260.92 555339.04 509149.14 273948.86 323232.04 13406246.71 341135.46 358330.78 256547.04 3549524.97 771608.82 338692.69 437429.04 291981.63 285165.20 290449.62 350971.75 333004.20 614048.12 257376.88 649929.60 326675.00 475373.26 359684.11 326761.21 419158.67 349269.08 263971.90 299476.71 1135627.89 466942.63 256837.48 789065.92 354640.75 339085.73 303907.05 273647.39 158579088.78 292095.21 750503.05 334309.18 282667.89 23777788.72 0.00