44
armadillo 0.00 387.00 355.00 214.00 325.00 287.00 374.00 348.00 233.00 271.00 322.00 372.00 381.00 72.00 381.00 382.00 392.00 334.00 346.00 313.00 391.00 345.00 387.00 406.00 169.00 279.00 355.00 229.00 191.00 317.00 386.00 270.00 130.00 310.00 265.00 333.00 337.00 323.00 301.00 384.00 256.00 64.00 328.00 270.00
baboon 387.00 0.00 460.00 295.00 223.00 354.00 111.00 490.00 334.00 366.00 324.00 443.00 462.00 96.00 491.00 220.00 220.00 458.00 459.00 407.00 226.00 456.00 51.00 477.00 201.00 361.00 438.00 339.00 249.00 259.00 307.00 390.00 180.00 436.00 390.00 429.00 467.00 469.00 323.00 476.00 344.00 111.00 132.00 308.00
cat 355.00 460.00 0.00 268.00 389.00 190.00 445.00 447.00 353.00 372.00 391.00 452.00 432.00 93.00 476.00 445.00 461.00 438.00 466.00 394.00 474.00 438.00 456.00 542.00 228.00 373.00 445.00 344.00 266.00 395.00 442.00 393.00 213.00 407.00 399.00 433.00 450.00 422.00 367.00 471.00 342.00 98.00 428.00 312.00
chicken 214.00 295.00 268.00 0.00 252.00 216.00 292.00 310.00 176.00 206.00 271.00 319.00 264.00 112.00 276.00 293.00 306.00 239.00 264.00 216.00 309.00 328.00 304.00 297.00 193.00 229.00 259.00 204.00 236.00 261.00 300.00 216.00 167.00 294.00 269.00 243.00 280.00 229.00 209.00 334.00 205.00 113.00 253.00 308.00
chimp 325.00 223.00 389.00 252.00 0.00 275.00 194.00 435.00 298.00 313.00 287.00 394.00 404.00 71.00 405.00 176.00 125.00 407.00 383.00 323.00 116.00 411.00 222.00 421.00 158.00 278.00 394.00 289.00 203.00 111.00 256.00 311.00 138.00 392.00 307.00 358.00 400.00 380.00 291.00 396.00 298.00 75.00 239.00 266.00
clouded_leopard 287.00 354.00 190.00 216.00 275.00 0.00 352.00 386.00 279.00 296.00 323.00 376.00 358.00 70.00 378.00 354.00 369.00 346.00 368.00 306.00 375.00 376.00 352.00 455.00 184.00 301.00 373.00 275.00 193.00 291.00 365.00 312.00 169.00 347.00 346.00 362.00 376.00 308.00 290.00 396.00 262.00 76.00 335.00 252.00
colobus_monkey 374.00 111.00 445.00 292.00 194.00 352.00 0.00 483.00 335.00 362.00 310.00 451.00 444.00 96.00 473.00 193.00 200.00 461.00 449.00 392.00 203.00 440.00 115.00 461.00 201.00 361.00 422.00 336.00 247.00 247.00 286.00 382.00 181.00 421.00 397.00 415.00 451.00 447.00 306.00 461.00 343.00 104.00 183.00 305.00
cow 348.00 490.00 447.00 310.00 435.00 386.00 483.00 0.00 336.00 376.00 453.00 425.00 494.00 116.00 472.00 466.00 502.00 504.00 508.00 388.00 508.00 452.00 497.00 535.00 222.00 404.00 436.00 314.00 259.00 440.00 475.00 419.00 230.00 431.00 433.00 464.00 199.00 418.00 368.00 474.00 344.00 104.00 445.00 325.00
cpbat 233.00 334.00 353.00 176.00 298.00 279.00 335.00 336.00 0.00 252.00 267.00 345.00 333.00 53.00 341.00 323.00 336.00 296.00 313.00 286.00 335.00 317.00 338.00 407.00 129.00 247.00 305.00 217.00 156.00 297.00 335.00 253.00 123.00 296.00 240.00 308.00 324.00 281.00 274.00 322.00 231.00 68.00 292.00 233.00
dog 271.00 366.00 372.00 206.00 313.00 296.00 362.00 376.00 252.00 0.00 328.00 387.00 384.00 59.00 341.00 381.00 384.00 343.00 310.00 304.00 393.00 331.00 355.00 434.00 122.00 303.00 336.00 272.00 156.00 328.00 377.00 298.00 154.00 355.00 295.00 331.00 366.00 306.00 281.00 396.00 274.00 70.00 307.00 249.00
dusky_titi 322.00 324.00 391.00 271.00 287.00 323.00 310.00 453.00 267.00 328.00 0.00 409.00 412.00 91.00 410.00 306.00 312.00 405.00 415.00 359.00 320.00 411.00 317.00 411.00 198.00 345.00 402.00 295.00 224.00 319.00 250.00 350.00 162.00 390.00 363.00 368.00 441.00 379.00 293.00 401.00 313.00 96.00 314.00 296.00
elephant 372.00 443.00 452.00 319.00 394.00 376.00 451.00 425.00 345.00 387.00 409.00 0.00 440.00 103.00 426.00 425.00 460.00 450.00 453.00 373.00 465.00 424.00 461.00 534.00 251.00 359.00 423.00 333.00 286.00 382.00 467.00 398.00 256.00 445.00 377.00 429.00 427.00 412.00 375.00 450.00 372.00 135.00 414.00 345.00
ferret 381.00 462.00 432.00 264.00 404.00 358.00 444.00 494.00 333.00 384.00 412.00 440.00 0.00 104.00 461.00 448.00 459.00 420.00 437.00 437.00 465.00 422.00 471.00 560.00 219.00 402.00 417.00 336.00 244.00 409.00 465.00 407.00 215.00 431.00 405.00 450.00 458.00 403.00 367.00 480.00 346.00 111.00 421.00 323.00
fugu 72.00 96.00 93.00 112.00 71.00 70.00 96.00 116.00 53.00 59.00 91.00 103.00 104.00 0.00 122.00 95.00 103.00 102.00 64.00 67.00 98.00 116.00 102.00 149.00 86.00 97.00 96.00 77.00 90.00 87.00 102.00 92.00 126.00 119.00 127.00 119.00 111.00 112.00 66.00 138.00 127.00 421.00 85.00 103.00
galago 381.00 491.00 476.00 276.00 405.00 378.00 473.00 472.00 341.00 341.00 410.00 426.00 461.00 122.00 0.00 490.00 500.00 390.00 488.00 405.00 514.00 425.00 498.00 533.00 184.00 376.00 442.00 337.00 237.00 411.00 461.00 368.00 200.00 447.00 388.00 429.00 433.00 426.00 399.00 464.00 355.00 130.00 449.00 315.00
gibbon 382.00 220.00 445.00 293.00 176.00 354.00 193.00 466.00 323.00 381.00 306.00 425.00 448.00 95.00 490.00 0.00 143.00 452.00 454.00 401.00 144.00 425.00 230.00 467.00 207.00 335.00 418.00 324.00 263.00 201.00 277.00 386.00 179.00 434.00 367.00 402.00 450.00 444.00 317.00 456.00 319.00 109.00 259.00 323.00
gorilla 392.00 220.00 461.00 306.00 125.00 369.00 200.00 502.00 336.00 384.00 312.00 460.00 459.00 103.00 500.00 143.00 0.00 476.00 487.00 413.00 61.00 468.00 224.00 462.00 226.00 360.00 443.00 339.00 270.00 193.00 281.00 402.00 184.00 467.00 397.00 427.00 471.00 478.00 320.00 471.00 363.00 107.00 261.00 337.00
guinea_pig 334.00 458.00 438.00 239.00 407.00 346.00 461.00 504.00 296.00 343.00 405.00 450.00 420.00 102.00 390.00 452.00 476.00 0.00 438.00 356.00 482.00 434.00 468.00 497.00 170.00 378.00 437.00 311.00 224.00 409.00 469.00 349.00 175.00 410.00 395.00 386.00 462.00 349.00 355.00 456.00 314.00 132.00 410.00 274.00
heagehog 346.00 459.00 466.00 264.00 383.00 368.00 449.00 508.00 313.00 310.00 415.00 453.00 437.00 64.00 488.00 454.00 487.00 438.00 0.00 370.00 489.00 453.00 470.00 517.00 200.00 360.00 457.00 354.00 228.00 410.00 474.00 380.00 151.00 413.00 341.00 404.00 482.00 426.00 377.00 499.00 300.00 85.00 413.00 304.00
horse 313.00 407.00 394.00 216.00 323.00 306.00 392.00 388.00 286.00 304.00 359.00 373.00 437.00 67.00 405.00 401.00 413.00 356.00 370.00 0.00 409.00 391.00 415.00 480.00 141.00 347.00 343.00 281.00 188.00 331.00 422.00 348.00 163.00 355.00 346.00 367.00 390.00 314.00 315.00 424.00 297.00 79.00 373.00 230.00
human 391.00 226.00 474.00 309.00 116.00 375.00 203.00 508.00 335.00 393.00 320.00 465.00 465.00 98.00 514.00 144.00 61.00 482.00 489.00 409.00 0.00 480.00 224.00 467.00 230.00 356.00 458.00 351.00 274.00 188.00 291.00 406.00 187.00 482.00 404.00 432.00 492.00 479.00 327.00 475.00 369.00 103.00 255.00 339.00
lemur 345.00 456.00 438.00 328.00 411.00 376.00 440.00 452.00 317.00 331.00 411.00 424.00 422.00 116.00 425.00 425.00 468.00 434.00 453.00 391.00 480.00 0.00 468.00 544.00 191.00 376.00 312.00 325.00 230.00 411.00 453.00 389.00 225.00 432.00 384.00 426.00 447.00 426.00 357.00 461.00 349.00 113.00 415.00 308.00
macaque 387.00 51.00 456.00 304.00 222.00 352.00 115.00 497.00 338.00 355.00 317.00 461.00 471.00 102.00 498.00 230.00 224.00 468.00 470.00 415.00 224.00 468.00 0.00 475.00 208.00 370.00 445.00 343.00 256.00 265.00 302.00 393.00 178.00 434.00 397.00 430.00 466.00 478.00 316.00 480.00 354.00 110.00 134.00 312.00
marmoset 406.00 477.00 542.00 297.00 421.00 455.00 461.00 535.00 407.00 434.00 411.00 534.00 560.00 149.00 533.00 467.00 462.00 497.00 517.00 480.00 467.00 544.00 475.00 0.00 215.00 437.00 495.00 357.00 267.00 455.00 364.00 450.00 210.00 515.00 449.00 480.00 500.00 465.00 362.00 529.00 378.00 131.00 470.00 346.00
monodelphis 169.00 201.00 228.00 193.00 158.00 184.00 201.00 222.00 129.00 122.00 198.00 251.00 219.00 86.00 184.00 207.00 226.00 170.00 200.00 141.00 230.00 191.00 208.00 215.00 0.00 180.00 161.00 159.00 164.00 173.00 219.00 150.00 114.00 198.00 181.00 193.00 210.00 153.00 140.00 219.00 151.00 79.00 165.00 279.00
mouse 279.00 361.00 373.00 229.00 278.00 301.00 361.00 404.00 247.00 303.00 345.00 359.00 402.00 97.00 376.00 335.00 360.00 378.00 360.00 347.00 356.00 376.00 370.00 437.00 180.00 0.00 360.00 272.00 201.00 315.00 378.00 302.00 175.00 354.00 426.00 336.00 377.00 320.00 280.00 437.00 282.00 107.00 342.00 244.00
mouse_lemur 355.00 438.00 445.00 259.00 394.00 373.00 422.00 436.00 305.00 336.00 402.00 423.00 417.00 96.00 442.00 418.00 443.00 437.00 457.00 343.00 458.00 312.00 445.00 495.00 161.00 360.00 0.00 314.00 210.00 394.00 434.00 366.00 188.00 413.00 348.00 404.00 429.00 389.00 348.00 451.00 339.00 88.00 403.00 296.00
muntjak_indian 229.00 339.00 344.00 204.00 289.00 275.00 336.00 314.00 217.00 272.00 295.00 333.00 336.00 77.00 337.00 324.00 339.00 311.00 354.00 281.00 351.00 325.00 343.00 357.00 159.00 272.00 314.00 0.00 172.00 299.00 341.00 290.00 156.00 312.00 317.00 320.00 289.00 286.00 234.00 329.00 215.00 76.00 295.00 246.00
oppssum 191.00 249.00 266.00 236.00 203.00 193.00 247.00 259.00 156.00 156.00 224.00 286.00 244.00 90.00 237.00 263.00 270.00 224.00 228.00 188.00 274.00 230.00 256.00 267.00 164.00 201.00 210.00 172.00 0.00 221.00 251.00 185.00 147.00 255.00 199.00 225.00 226.00 170.00 179.00 253.00 183.00 87.00 217.00 318.00
orangatun 317.00 259.00 395.00 261.00 111.00 291.00 247.00 440.00 297.00 328.00 319.00 382.00 409.00 87.00 411.00 201.00 193.00 409.00 410.00 331.00 188.00 411.00 265.00 455.00 173.00 315.00 394.00 299.00 221.00 0.00 297.00 336.00 156.00 386.00 331.00 366.00 415.00 387.00 306.00 421.00 310.00 85.00 258.00 276.00
owl_monkey 386.00 307.00 442.00 300.00 256.00 365.00 286.00 475.00 335.00 377.00 250.00 467.00 465.00 102.00 461.00 277.00 281.00 469.00 474.00 422.00 291.00 453.00 302.00 364.00 219.00 378.00 434.00 341.00 251.00 297.00 0.00 373.00 184.00 438.00 383.00 424.00 435.00 438.00 244.00 459.00 354.00 101.00 332.00 330.00
pig 270.00 390.00 393.00 216.00 311.00 312.00 382.00 419.00 253.00 298.00 350.00 398.00 407.00 92.00 368.00 386.00 402.00 349.00 380.00 348.00 406.00 389.00 393.00 450.00 150.00 302.00 366.00 290.00 185.00 336.00 373.00 0.00 177.00 344.00 310.00 361.00 376.00 327.00 298.00 409.00 287.00 101.00 350.00 249.00
platypus 130.00 180.00 213.00 167.00 138.00 169.00 181.00 230.00 123.00 154.00 162.00 256.00 215.00 126.00 200.00 179.00 184.00 175.00 151.00 163.00 187.00 225.00 178.00 210.00 114.00 175.00 188.00 156.00 147.00 156.00 184.00 177.00 0.00 217.00 204.00 231.00 199.00 173.00 143.00 230.00 167.00 138.00 155.00 220.00
rabbit 310.00 436.00 407.00 294.00 392.00 347.00 421.00 431.00 296.00 355.00 390.00 445.00 431.00 119.00 447.00 434.00 467.00 410.00 413.00 355.00 482.00 432.00 434.00 515.00 198.00 354.00 413.00 312.00 255.00 386.00 438.00 344.00 217.00 0.00 379.00 424.00 412.00 372.00 342.00 409.00 345.00 122.00 408.00 324.00
rat 265.00 390.00 399.00 269.00 307.00 346.00 397.00 433.00 240.00 295.00 363.00 377.00 405.00 127.00 388.00 367.00 397.00 395.00 341.00 346.00 404.00 384.00 397.00 449.00 181.00 426.00 348.00 317.00 199.00 331.00 383.00 310.00 204.00 379.00 0.00 378.00 408.00 373.00 300.00 421.00 311.00 118.00 359.00 293.00
rfbat 333.00 429.00 433.00 243.00 358.00 362.00 415.00 464.00 308.00 331.00 368.00 429.00 450.00 119.00 429.00 402.00 427.00 386.00 404.00 367.00 432.00 426.00 430.00 480.00 193.00 336.00 404.00 320.00 225.00 366.00 424.00 361.00 231.00 424.00 378.00 0.00 418.00 384.00 332.00 453.00 321.00 100.00 373.00 305.00
sheep 337.00 467.00 450.00 280.00 400.00 376.00 451.00 199.00 324.00 366.00 441.00 427.00 458.00 111.00 433.00 450.00 471.00 462.00 482.00 390.00 492.00 447.00 466.00 500.00 210.00 377.00 429.00 289.00 226.00 415.00 435.00 376.00 199.00 412.00 408.00 418.00 0.00 406.00 343.00 466.00 315.00 97.00 418.00 297.00
shrew 323.00 469.00 422.00 229.00 380.00 308.00 447.00 418.00 281.00 306.00 379.00 412.00 403.00 112.00 426.00 444.00 478.00 349.00 426.00 314.00 479.00 426.00 478.00 465.00 153.00 320.00 389.00 286.00 170.00 387.00 438.00 327.00 173.00 372.00 373.00 384.00 406.00 0.00 325.00 439.00 283.00 109.00 419.00 263.00
squirrel_monkey 301.00 323.00 367.00 209.00 291.00 290.00 306.00 368.00 274.00 281.00 293.00 375.00 367.00 66.00 399.00 317.00 320.00 355.00 377.00 315.00 327.00 357.00 316.00 362.00 140.00 280.00 348.00 234.00 179.00 306.00 244.00 298.00 143.00 342.00 300.00 332.00 343.00 325.00 0.00 374.00 278.00 74.00 284.00 230.00
st_squirrel 384.00 476.00 471.00 334.00 396.00 396.00 461.00 474.00 322.00 396.00 401.00 450.00 480.00 138.00 464.00 456.00 471.00 456.00 499.00 424.00 475.00 461.00 480.00 529.00 219.00 437.00 451.00 329.00 253.00 421.00 459.00 409.00 230.00 409.00 421.00 453.00 466.00 439.00 374.00 0.00 333.00 144.00 434.00 352.00
tenrec 256.00 344.00 342.00 205.00 298.00 262.00 343.00 344.00 231.00 274.00 313.00 372.00 346.00 127.00 355.00 319.00 363.00 314.00 300.00 297.00 369.00 349.00 354.00 378.00 151.00 282.00 339.00 215.00 183.00 310.00 354.00 287.00 167.00 345.00 311.00 321.00 315.00 283.00 278.00 333.00 0.00 129.00 283.00 232.00
tetra 64.00 111.00 98.00 113.00 75.00 76.00 104.00 104.00 68.00 70.00 96.00 135.00 111.00 421.00 130.00 109.00 107.00 132.00 85.00 79.00 103.00 113.00 110.00 131.00 79.00 107.00 88.00 76.00 87.00 85.00 101.00 101.00 138.00 122.00 118.00 100.00 97.00 109.00 74.00 144.00 129.00 0.00 101.00 112.00
vervet 328.00 132.00 428.00 253.00 239.00 335.00 183.00 445.00 292.00 307.00 314.00 414.00 421.00 85.00 449.00 259.00 261.00 410.00 413.00 373.00 255.00 415.00 134.00 470.00 165.00 342.00 403.00 295.00 217.00 258.00 332.00 350.00 155.00 408.00 359.00 373.00 418.00 419.00 284.00 434.00 283.00 101.00 0.00 280.00
wallaby 270.00 308.00 312.00 308.00 266.00 252.00 305.00 325.00 233.00 249.00 296.00 345.00 323.00 103.00 315.00 323.00 337.00 274.00 304.00 230.00 339.00 308.00 312.00 346.00 279.00 244.00 296.00 246.00 318.00 276.00 330.00 249.00 220.00 324.00 293.00 305.00 297.00 263.00 230.00 352.00 232.00 112.00 280.00 0.00
44
armadillo 0.00 748148.57 858517.40 371544.16 461882.24 388005.47 707632.43 789894.66 348366.63 397521.72 589653.40 903956.74 861373.59 209247.44 805213.66 729098.16 864055.97 558362.43 883134.87 444716.25 889382.58 697120.17 741647.13 1316208.13 329416.67 532798.08 633668.64 332574.98 282319.46 482882.29 938694.84 397801.06 179556.58 665136.66 525877.98 595449.63 722522.26 507279.73 453121.44 788353.57 376411.28 216296.46 502820.06 397950.28
baboon 748148.57 0.00 445270.07 243637.91 427340.12 566011.18 118902.31 469495.26 682916.21 875638.18 345575.16 429313.47 435285.13 126164.02 462338.13 217117.58 241286.23 466244.04 460565.05 806207.66 253636.51 429190.06 51833.75 770372.19 659163.57 337059.29 448092.81 719678.56 508510.26 416265.74 345400.27 546806.31 233013.15 412652.89 359562.37 424460.81 447245.53 441525.10 573950.11 445450.67 416028.03 140825.82 351269.29 315052.80
cat 858517.40 445270.07 0.00 200940.79 634954.91 906030.78 455115.50 382626.42 875003.47 1312581.77 438023.39 377507.36 365827.76 91344.45 400441.98 432381.55 387776.08 478634.95 382081.23 1028198.93 395621.81 426922.60 443700.47 497931.27 796169.75 321128.97 496020.89 937034.11 595459.75 603009.05 364584.90 686489.21 292482.10 347052.25 350270.58 461489.50 403875.99 427266.46 663474.47 401394.49 498974.04 98938.73 682412.97 326675.76
chicken 371544.16 243637.91 200940.79 0.00 306420.98 322516.11 252079.15 230185.16 362646.96 458716.55 256653.38 235840.49 192915.95 90254.23 210905.00 241381.56 226721.74 242630.77 184451.39 406548.29 229530.47 272845.25 247431.81 218728.92 609774.44 190616.42 269102.14 383685.89 494439.11 298084.01 223649.09 308246.58 261583.79 213733.32 201522.14 238347.69 225047.64 225614.40 288758.67 239847.92 264580.23 96731.53 308046.88 299375.31
chimp 461882.24 427340.12 634954.91 306420.98 0.00 355563.16 356432.24 644715.40 441892.57 555325.24 386494.91 631630.06 619853.46 170240.03 594499.31 379386.27 524996.89 490952.36 639236.94 479864.46 552402.51 541924.26 419234.56 1311490.22 388263.21 376798.89 473777.46 443772.73 323096.42 142277.05 653220.65 390546.66 176716.20 556025.02 403087.01 447396.48 576765.29 450002.78 373213.72 567040.07 340642.41 175362.94 291949.75 295498.59
clouded_leopard 388005.47 566011.18 906030.78 322516.11 355563.16 0.00 538444.55 733742.33 377422.89 471219.97 458693.47 754713.76 803275.76 198173.08 674497.31 566047.87 682221.03 475145.52 761470.74 424392.81 709157.79 595761.24 560504.73 1171354.76 347609.87 481466.02 514567.48 408854.91 256933.43 386317.10 734653.43 396311.16 200583.37 602338.46 497310.94 536817.08 683431.19 421200.44 372636.82 648782.90 346859.43 208886.81 405675.70 301640.38
colobus_monkey 707632.43 118902.31 455115.50 252079.15 356432.24 538444.55 0.00 482844.05 656445.97 842336.88 326779.34 460466.46 442093.96 132445.96 465174.27 195586.51 247533.61 476288.34 478248.31 748694.13 259864.78 429322.36 120475.01 823964.22 636321.30 351086.02 433316.97 684558.36 491367.39 372535.02 356810.57 522387.81 226210.93 415166.77 378783.47 414641.26 447802.14 432166.32 518073.37 452066.06 414044.06 143160.46 361039.75 311622.16
cow 789894.66 469495.26 382626.42 230185.16 644715.40 733742.33 482844.05 0.00 800154.76 1047850.05 486170.42 365171.82 416091.86 112480.51 397946.14 441109.44 427467.75 526320.33 422639.76 943856.43 431849.84 442019.11 475044.60 522561.97 756397.44 341622.62 477910.29 1184843.35 552653.42 615823.10 410882.26 715007.65 296868.40 379359.72 383785.58 465501.53 179311.73 419363.70 630009.38 423116.23 469599.96 113519.10 655742.59 317192.77
cpbat 348366.63 682916.21 875003.47 362646.96 441892.57 377422.89 656445.97 800154.76 0.00 381908.42 520970.63 830024.12 818579.18 195818.00 748542.00 674985.96 791389.12 510812.66 803772.93 398469.99 817163.41 665135.54 677862.21 1302186.67 241888.66 484483.18 573277.72 335528.68 233984.66 474114.67 844626.84 396332.59 183375.42 639263.46 462640.68 604419.29 752963.40 477896.73 420783.97 707641.43 351484.33 226480.88 444075.38 347314.38
dog 397521.72 875638.18 1312581.77 458716.55 555325.24 471219.97 842336.88 1047850.05 381908.42 0.00 695196.16 1103708.25 1296068.15 285319.69 941674.35 887720.44 1035156.79 668496.60 1039248.77 483109.46 1078434.12 831881.01 857836.37 1621863.19 234934.90 667110.99 702697.04 419816.16 238338.64 596709.41 1102515.78 515914.66 239210.15 876198.69 657721.69 716134.56 974165.42 619167.31 464239.63 931989.01 444642.70 306104.97 530430.74 433705.75
dusky_titi 589653.40 345575.16 438023.39 256653.38 386494.91 458693.47 326779.34 486170.42 520970.63 695196.16 0.00 456246.05 441031.71 138125.26 439431.78 326905.37 377127.49 411129.39 471707.09 635752.32 397680.34 423014.34 334651.05 914495.59 575526.82 347760.76 424777.49 567936.22 428820.93 403264.46 384263.53 462701.26 201126.20 406522.80 358031.61 395591.29 474658.58 369982.63 466877.04 424930.31 367463.56 140261.41 430756.73 303136.14
elephant 903956.74 429313.47 377507.36 235840.49 631630.06 754713.76 460466.46 365171.82 830024.12 1103708.25 456246.05 0.00 368564.08 95532.29 358959.13 416133.92 389866.41 488848.54 350884.74 934419.05 390453.71 430779.80 444104.03 463808.23 859584.37 308220.66 480127.11 878781.26 648770.74 590556.08 388311.51 680310.61 342649.87 380026.45 325820.37 436559.90 379867.17 416586.34 661760.49 413506.51 556221.47 110639.66 651666.26 359193.58
ferret 861373.59 435285.13 365827.76 192915.95 619853.46 803275.76 442093.96 416091.86 818579.18 1296068.15 441031.71 368564.08 0.00 100872.31 385039.37 428115.89 388669.78 451383.04 359856.15 1005818.21 390679.03 415720.08 441387.40 517463.66 779041.33 332830.56 471080.81 864907.02 560278.04 586177.86 387489.04 693150.84 289944.97 370569.74 342283.74 453032.39 403184.52 420884.55 626975.57 417631.75 473887.92 114034.13 635557.05 334814.00
fugu 209247.44 126164.02 91344.45 90254.23 170240.03 198173.08 132445.96 112480.51 195818.00 285319.69 138125.26 95532.29 100872.31 0.00 119897.15 124861.39 108428.80 153021.39 51583.00 237198.60 102937.28 143177.20 132244.91 81610.15 291536.00 104848.63 153912.53 255249.07 238682.79 169889.41 97575.40 187753.01 247514.49 116831.27 124481.84 157317.89 116457.41 143399.64 162995.91 129324.43 212191.87 205450.79 178188.24 143965.50
galago 805213.66 462338.13 400441.98 210905.00 594499.31 674497.31 465174.27 397946.14 748542.00 941674.35 439431.78 358959.13 385039.37 119897.15 0.00 450489.41 417578.78 423463.57 406178.38 891411.09 426152.65 425151.11 472769.80 523651.70 666933.02 331885.68 486711.80 778717.23 526111.36 573511.31 394945.29 589878.87 278089.37 372236.25 334952.61 435868.54 394570.19 412690.97 644958.83 391030.69 482113.33 126041.09 662904.74 313610.53
gibbon 729098.16 217117.58 432381.55 241381.56 379386.27 566047.87 195586.51 441109.44 674985.96 887720.44 326905.37 416133.92 428115.89 124861.39 450489.41 0.00 175139.56 455974.35 447745.60 791156.20 183442.69 403467.70 223987.32 760926.70 664403.77 313340.37 420493.83 694429.77 513386.77 357566.53 320463.09 543763.18 230947.09 402927.76 335846.85 399304.76 427998.08 414061.31 571691.66 430907.04 382497.06 140018.29 460052.96 322072.15
gorilla 864055.97 241286.23 387776.08 226721.74 524996.89 682221.03 247533.61 427467.75 791389.12 1035156.79 377127.49 389866.41 388669.78 108428.80 417578.78 175139.56 0.00 494158.92 403450.47 950560.40 56469.00 434397.12 244392.22 566156.83 775888.83 310299.85 468527.04 831652.26 596854.02 510112.84 258855.48 637390.52 261571.93 394032.91 343690.79 432287.22 412796.54 455217.18 718044.10 413717.77 472816.09 111548.24 632796.20 338923.88
guinea_pig 558362.43 466244.04 478634.95 242630.77 490952.36 475145.52 476288.34 526320.33 510812.66 668496.60 411129.39 488848.54 451383.04 153021.39 423463.57 455974.35 494158.92 0.00 502357.66 605798.30 507796.60 451655.89 472565.19 714609.51 490333.99 385499.11 454453.94 552607.93 399537.26 480629.43 508891.49 444159.54 200948.02 417535.10 379060.60 404489.17 492404.90 360594.96 464796.62 462624.65 382834.59 170083.63 484299.61 274129.18
heagehog 883134.87 460565.05 382081.23 184451.39 639236.94 761470.74 478248.31 422639.76 803772.93 1039248.77 471707.09 350884.74 359856.15 51583.00 406178.38 447745.60 403450.47 502357.66 0.00 956056.43 401524.90 463524.53 470718.15 392463.20 765978.95 300994.26 538778.58 927241.77 557334.52 633290.05 381138.79 673273.92 250691.85 342449.60 317704.77 436978.23 429896.93 459382.68 680283.67 428952.95 448891.70 70697.11 690163.47 335391.03
horse 444716.25 806207.66 1028198.93 406548.29 479864.46 424392.81 748694.13 943856.43 398469.99 483109.46 635752.32 934419.05 1005818.21 237198.60 891411.09 791156.20 950560.40 605798.30 956056.43 0.00 976728.53 778545.80 806213.86 1539410.77 279392.27 629500.29 616336.80 426052.92 266101.87 510538.20 1023931.11 479947.17 208711.91 788136.72 606102.44 667820.91 873169.23 523582.76 456131.83 863195.72 421884.32 252624.16 537195.67 347924.39
human 889382.58 253636.51 395621.81 229530.47 552402.51 709157.79 259864.78 431849.84 817163.41 1078434.12 397680.34 390453.71 390679.03 102937.28 426152.65 183442.69 56469.00 507796.60 401524.90 976728.53 0.00 452394.76 251441.07 550659.37 802924.25 305035.77 499274.53 868824.50 620247.01 531608.65 261619.28 659082.39 272038.55 403954.07 353919.07 442116.36 433426.38 466142.31 753407.20 416709.81 491428.72 108617.57 655432.52 348031.80
lemur 697120.17 429190.06 426922.60 272845.25 541924.26 595761.24 429322.36 442019.11 665135.54 831881.01 423014.34 430779.80 415720.08 143177.20 425151.11 403467.70 434397.12 451655.89 463524.53 778545.80 452394.76 0.00 438481.95 729189.75 617882.68 349408.11 335934.25 702566.36 471187.85 518149.47 453594.50 557937.76 270593.18 422006.52 363733.27 415675.61 436272.42 427917.01 553559.17 443662.05 432522.77 142916.52 554516.36 307710.09
macaque 741647.13 51833.75 443700.47 247431.81 419234.56 560504.73 120475.01 475044.60 677862.21 857836.37 334651.05 444104.03 441387.40 132244.91 472769.80 223987.32 244392.22 472565.19 470718.15 806213.86 251441.07 438481.95 0.00 775911.43 672810.20 347843.81 451032.65 712368.89 518107.02 412494.83 340594.98 542933.09 230350.01 408846.59 368199.07 421459.44 446210.17 441766.98 557166.43 450310.09 423098.08 139422.32 350664.23 318533.05
marmoset 1316208.13 770372.19 497931.27 218728.92 1311490.22 1171354.76 823964.22 522561.97 1302186.67 1621863.19 914495.59 463808.23 517463.66 81610.15 523651.70 760926.70 566156.83 714609.51 392463.20 1539410.77 550659.37 729189.75 775911.43 0.00 989899.32 418559.05 799374.74 1253600.38 802794.07 1250783.64 457325.79 1058844.69 397171.09 503993.43 468659.42 662269.59 531570.29 601424.90 1535888.09 568595.83 715069.44 70108.64 1372604.41 456646.02
monodelphis 329416.67 659163.57 796169.75 609774.44 388263.21 347609.87 636321.30 756397.44 241888.66 234934.90 575526.82 859584.37 779041.33 291536.00 666933.02 664403.77 775888.83 490333.99 765978.95 279392.27 802924.25 617882.68 672810.20 989899.32 0.00 537281.39 522818.35 285858.49 402718.93 424151.85 800449.27 336599.20 254578.44 654026.77 535976.82 544257.03 703440.86 441102.95 316670.81 722247.96 347210.46 306943.67 410562.15 1003876.15
mouse 532798.08 337059.29 321128.97 190616.42 376798.89 481466.02 351086.02 341622.62 484483.18 667110.99 347760.76 308220.66 332830.56 104848.63 331885.68 313340.37 310299.85 385499.11 300994.26 629500.29 305035.77 349408.11 347843.81 418559.05 537281.39 0.00 364623.38 546162.77 415471.63 392133.07 328567.46 442225.84 231072.20 289120.01 373228.29 340807.40 339802.90 297337.36 422575.38 375505.05 354836.95 112305.19 465368.60 252369.86
mouse_lemur 633668.64 448092.81 496020.89 269102.14 473777.46 514567.48 433316.97 477910.29 573277.72 702697.04 424777.49 480127.11 471080.81 153912.53 486711.80 420493.83 468527.04 454453.94 538778.58 616336.80 499274.53 335934.25 451032.65 799374.74 522818.35 364623.38 0.00 589333.03 402014.46 462876.96 508990.98 494964.61 229951.64 442150.45 346279.79 411923.38 463454.18 381245.70 481960.49 469990.11 404265.06 153080.65 500640.21 306685.86
muntjak_indian 332574.98 719678.56 937034.11 383685.89 443772.73 408854.91 684558.36 1184843.35 335528.68 419816.16 567936.22 878781.26 864907.02 255249.07 778717.23 694429.77 831652.26 552607.93 927241.77 426052.92 868824.50 702566.36 712368.89 1253600.38 285858.49 546162.77 589333.03 0.00 240735.01 466413.11 886271.88 441427.03 211038.68 701582.05 583035.78 612594.55 1079427.86 499576.28 368241.34 753246.57 332994.81 254635.16 454067.51 369482.27
oppssum 282319.46 508510.26 595459.75 494439.11 323096.42 256933.43 491367.39 552653.42 233984.66 238338.64 428820.93 648770.74 560278.04 238682.79 526111.36 513386.77 596854.02 399537.26 557334.52 266101.87 620247.01 471187.85 518107.02 802794.07 402718.93 415471.63 402014.46 240735.01 0.00 353232.06 612609.09 285465.84 223805.79 517784.06 401358.87 415981.38 491001.27 323183.10 283117.77 544720.68 277194.51 276518.53 352009.25 658011.01
orangatun 482882.29 416265.74 603009.05 298084.01 142277.05 386317.10 372535.02 615823.10 474114.67 596709.41 403264.46 590556.08 586177.86 169889.41 573511.31 357566.53 510112.84 480629.43 633290.05 510538.20 531608.65 518149.47 412494.83 1250783.64 424151.85 392133.07 462876.96 466413.11 353232.06 0.00 634283.93 417586.43 192971.65 536052.92 402632.37 439873.26 553875.82 426169.29 408161.53 566027.28 353481.94 174184.06 312201.80 299896.86
owl_monkey 938694.84 345400.27 364584.90 223649.09 653220.65 734653.43 356810.57 410882.26 844626.84 1102515.78 384263.53 388311.51 387489.04 97575.40 394945.29 320463.09 258855.48 508891.49 381138.79 1023931.11 261619.28 453594.50 340594.98 457325.79 800449.27 328567.46 508990.98 886271.88 612609.09 634283.93 0.00 653126.21 272577.41 378203.34 343228.03 452650.89 388749.58 443774.68 795729.20 408807.21 495688.14 95250.64 743598.97 355069.71
pig 397801.06 546806.31 686489.21 308246.58 390546.66 396311.16 522387.81 715007.65 396332.59 515914.66 462701.26 680310.61 693150.84 187753.01 589878.87 543763.18 637390.52 444159.54 673273.92 479947.17 659082.39 557937.76 542933.09 1058844.69 336599.20 442225.84 494964.61 441427.03 285465.84 417586.43 653126.21 0.00 199913.83 521353.57 425913.08 477677.56 638830.37 404189.90 377121.34 593876.66 343522.16 202761.49 425630.55 290689.28
platypus 179556.58 233013.15 292482.10 261583.79 176716.20 200583.37 226210.93 296868.40 183375.42 239210.15 201126.20 342649.87 289944.97 247514.49 278089.37 230947.09 261571.93 200948.02 250691.85 208711.91 272038.55 270593.18 230350.01 397171.09 254578.44 231072.20 229951.64 211038.68 223805.79 192971.65 272577.41 199913.83 0.00 266513.22 248998.57 261460.96 262643.25 208580.89 180099.65 279765.44 198597.62 272144.13 187517.84 243724.59
rabbit 665136.66 412652.89 347052.25 213733.32 556025.02 602338.46 415166.77 379359.72 639263.46 876198.69 406522.80 380026.45 370569.74 116831.27 372236.25 402927.76 394032.91 417535.10 342449.60 788136.72 403954.07 422006.52 408846.59 503993.43 654026.77 289120.01 442150.45 701582.05 517784.06 536052.92 378203.34 521353.57 266513.22 0.00 324072.41 405004.59 366012.04 366844.99 545500.54 359884.45 451253.21 125998.74 587217.79 302368.08
rat 525877.98 359562.37 350270.58 201522.14 403087.01 497310.94 378783.47 383785.58 462640.68 657721.69 358031.61 325820.37 342283.74 124481.84 334952.61 335846.85 343690.79 379060.60 317704.77 606102.44 353919.07 363733.27 368199.07 468659.42 535976.82 373228.29 346279.79 583035.78 401358.87 402632.37 343228.03 425913.08 248998.57 324072.41 0.00 349189.38 367685.27 339316.44 427206.49 373644.12 367173.52 132701.64 466559.40 273901.13
rfbat 595449.63 424460.81 461489.50 238347.69 447396.48 536817.08 414641.26 465501.53 604419.29 716134.56 395591.29 436559.90 453032.39 157317.89 435868.54 399304.76 432287.22 404489.17 436978.23 667820.91 442116.36 415675.61 421459.44 662269.59 544257.03 340807.40 411923.38 612594.55 415981.38 439873.26 452650.89 477677.56 261460.96 405004.59 349189.38 0.00 431856.43 379923.12 464401.67 413660.67 391080.43 150122.11 470076.73 296137.28
sheep 722522.26 447245.53 403875.99 225047.64 576765.29 683431.19 447802.14 179311.73 752963.40 974165.42 474658.58 379867.17 403184.52 116457.41 394570.19 427998.08 412796.54 492404.90 429896.93 873169.23 433426.38 436272.42 446210.17 531570.29 703440.86 339802.90 463454.18 1079427.86 491001.27 553875.82 388749.58 638830.37 262643.25 366012.04 367685.27 431856.43 0.00 405340.55 572307.61 418266.49 429961.91 114306.14 598845.91 297059.64
shrew 507279.73 441525.10 427266.46 225614.40 450002.78 421200.44 432166.32 419363.70 477896.73 619167.31 369982.63 416586.34 420884.55 143399.64 412690.97 414061.31 455217.18 360594.96 459382.68 523582.76 466142.31 427917.01 441766.98 601424.90 441102.95 297337.36 381245.70 499576.28 323183.10 426169.29 443774.68 404189.90 208580.89 366844.99 339316.44 379923.12 405340.55 0.00 394810.05 412373.16 329036.57 156358.64 456362.93 247425.58
squirrel_monkey 453121.44 573950.11 663474.47 288758.67 373213.72 372636.82 518073.37 630009.38 420783.97 464239.63 466877.04 661760.49 626975.57 162995.91 644958.83 571691.66 718044.10 464796.62 680283.67 456131.83 753407.20 553559.17 557166.43 1535888.09 316670.81 422575.38 481960.49 368241.34 283117.77 408161.53 795729.20 377121.34 180099.65 545500.54 427206.49 464401.67 572307.61 394810.05 0.00 597241.69 346575.41 171435.43 367597.47 279191.71
st_squirrel 788353.57 445450.67 401394.49 239847.92 567040.07 648782.90 452066.06 423116.23 707641.43 931989.01 424930.31 413506.51 417631.75 129324.43 391030.69 430907.04 413717.77 462624.65 428952.95 863195.72 416709.81 443662.05 450310.09 568595.83 722247.96 375505.05 469990.11 753246.57 544720.68 566027.28 408807.21 593876.66 279765.44 359884.45 373644.12 413660.67 418266.49 412373.16 597241.69 0.00 436189.21 128841.39 613166.52 340331.78
tenrec 376411.28 416028.03 498974.04 264580.23 340642.41 346859.43 414044.06 469599.96 351484.33 444642.70 367463.56 556221.47 473887.92 212191.87 482113.33 382497.06 472816.09 382834.59 448891.70 421884.32 491428.72 432522.77 423098.08 715069.44 347210.46 354836.95 404265.06 332994.81 277194.51 353481.94 495688.14 343522.16 198597.62 451253.21 367173.52 391080.43 429961.91 329036.57 346575.41 436189.21 0.00 218187.58 334574.59 242674.80
tetra 216296.46 140825.82 98938.73 96731.53 175362.94 208886.81 143160.46 113519.10 226480.88 306104.97 140261.41 110639.66 114034.13 205450.79 126041.09 140018.29 111548.24 170083.63 70697.11 252624.16 108617.57 142916.52 139422.32 70108.64 306943.67 112305.19 153080.65 254635.16 276518.53 174184.06 95250.64 202761.49 272144.13 125998.74 132701.64 150122.11 114306.14 156358.64 171435.43 128841.39 218187.58 0.00 199421.22 153373.19
vervet 502820.06 351269.29 682412.97 308046.88 291949.75 405675.70 361039.75 655742.59 444075.38 530430.74 430756.73 651666.26 635557.05 178188.24 662904.74 460052.96 632796.20 484299.61 690163.47 537195.67 655432.52 554516.36 350664.23 1372604.41 410562.15 465368.60 500640.21 454067.51 352009.25 312201.80 743598.97 425630.55 187517.84 587217.79 466559.40 470076.73 598845.91 456362.93 367597.47 613166.52 334574.59 199421.22 0.00 320227.67
wallaby 397950.28 315052.80 326675.76 299375.31 295498.59 301640.38 311622.16 317192.77 347314.38 433705.75 303136.14 359193.58 334814.00 143965.50 313610.53 322072.15 338923.88 274129.18 335391.03 347924.39 348031.80 307710.09 318533.05 456646.02 1003876.15 252369.86 306685.86 369482.27 658011.01 299896.86 355069.71 290689.28 243724.59 302368.08 273901.13 296137.28 297059.64 247425.58 279191.71 340331.78 242674.80 153373.19 320227.67 0.00
44
armadillo 0.00 0.37 0.38 0.69 0.43 0.44 0.37 0.41 0.49 0.46 0.42 0.39 0.40 0.86 0.42 0.38 0.37 0.45 0.45 0.41 0.37 0.38 0.37 0.40 0.60 0.56 0.39 0.49 0.63 0.42 0.38 0.45 0.73 0.45 0.53 0.44 0.42 0.49 0.43 0.41 0.54 0.87 0.40 0.60
baboon 0.37 0.00 0.33 0.67 0.13 0.33 0.10 0.34 0.37 0.36 0.19 0.36 0.35 0.82 0.34 0.14 0.13 0.39 0.41 0.31 0.13 0.29 0.08 0.20 0.55 0.49 0.29 0.35 0.56 0.13 0.18 0.34 0.69 0.38 0.48 0.39 0.35 0.42 0.19 0.34 0.47 0.83 0.09 0.56
cat 0.38 0.33 0.00 0.67 0.33 0.09 0.33 0.33 0.36 0.27 0.34 0.35 0.25 0.82 0.37 0.33 0.33 0.41 0.40 0.29 0.32 0.33 0.33 0.34 0.55 0.50 0.35 0.33 0.57 0.33 0.33 0.32 0.68 0.39 0.49 0.37 0.34 0.41 0.36 0.36 0.46 0.82 0.34 0.57
chicken 0.69 0.67 0.67 0.00 0.68 0.67 0.67 0.67 0.68 0.68 0.67 0.67 0.67 0.81 0.69 0.67 0.67 0.70 0.69 0.67 0.67 0.67 0.67 0.67 0.64 0.71 0.68 0.68 0.64 0.68 0.67 0.68 0.72 0.68 0.71 0.68 0.67 0.69 0.68 0.66 0.71 0.81 0.68 0.65
chimp 0.43 0.13 0.33 0.68 0.00 0.38 0.13 0.35 0.43 0.39 0.23 0.36 0.35 0.84 0.34 0.12 0.09 0.39 0.42 0.34 0.08 0.28 0.13 0.20 0.61 0.52 0.32 0.39 0.61 0.10 0.18 0.38 0.72 0.37 0.49 0.40 0.36 0.44 0.24 0.34 0.52 0.85 0.18 0.60
clouded_leopard 0.44 0.33 0.09 0.67 0.38 0.00 0.33 0.32 0.45 0.36 0.38 0.34 0.25 0.84 0.36 0.33 0.32 0.40 0.39 0.35 0.32 0.32 0.32 0.34 0.60 0.49 0.36 0.39 0.63 0.37 0.33 0.39 0.69 0.38 0.46 0.37 0.34 0.43 0.43 0.34 0.46 0.84 0.37 0.59
colobus_monkey 0.37 0.10 0.33 0.67 0.13 0.33 0.00 0.35 0.37 0.36 0.19 0.37 0.36 0.82 0.34 0.14 0.13 0.39 0.41 0.31 0.13 0.29 0.10 0.20 0.55 0.49 0.30 0.35 0.56 0.13 0.18 0.34 0.69 0.38 0.48 0.40 0.36 0.42 0.20 0.35 0.47 0.83 0.10 0.56
cow 0.41 0.34 0.33 0.67 0.35 0.32 0.35 0.00 0.38 0.36 0.36 0.37 0.35 0.81 0.40 0.35 0.35 0.43 0.42 0.32 0.34 0.34 0.34 0.36 0.55 0.51 0.35 0.15 0.57 0.34 0.35 0.29 0.68 0.42 0.49 0.40 0.13 0.43 0.37 0.38 0.49 0.82 0.35 0.57
cpbat 0.49 0.37 0.36 0.68 0.43 0.45 0.37 0.38 0.00 0.46 0.42 0.40 0.37 0.85 0.41 0.38 0.37 0.46 0.45 0.39 0.37 0.37 0.37 0.38 0.64 0.55 0.39 0.50 0.65 0.42 0.38 0.43 0.72 0.46 0.55 0.39 0.39 0.46 0.46 0.41 0.54 0.85 0.40 0.61
dog 0.46 0.36 0.27 0.68 0.39 0.36 0.36 0.36 0.46 0.00 0.41 0.38 0.27 0.83 0.39 0.36 0.36 0.44 0.42 0.38 0.35 0.35 0.36 0.37 0.63 0.54 0.39 0.44 0.64 0.39 0.36 0.36 0.70 0.43 0.51 0.41 0.38 0.45 0.40 0.39 0.52 0.84 0.40 0.60
dusky_titi 0.42 0.19 0.34 0.67 0.23 0.38 0.19 0.36 0.42 0.41 0.00 0.36 0.36 0.84 0.35 0.19 0.18 0.40 0.43 0.36 0.18 0.30 0.18 0.16 0.56 0.51 0.33 0.40 0.57 0.23 0.13 0.39 0.70 0.39 0.48 0.39 0.37 0.45 0.20 0.34 0.51 0.85 0.23 0.58
elephant 0.39 0.36 0.35 0.67 0.36 0.34 0.37 0.37 0.40 0.38 0.36 0.00 0.38 0.82 0.40 0.36 0.35 0.43 0.43 0.34 0.36 0.36 0.36 0.37 0.54 0.52 0.37 0.38 0.55 0.36 0.36 0.36 0.67 0.41 0.51 0.42 0.39 0.44 0.38 0.38 0.42 0.82 0.37 0.57
ferret 0.40 0.35 0.25 0.67 0.35 0.25 0.36 0.35 0.37 0.27 0.36 0.38 0.00 0.81 0.38 0.35 0.35 0.42 0.42 0.31 0.35 0.34 0.35 0.36 0.55 0.51 0.35 0.34 0.57 0.35 0.36 0.34 0.67 0.41 0.51 0.40 0.36 0.42 0.38 0.38 0.48 0.82 0.36 0.57
fugu 0.86 0.82 0.82 0.81 0.84 0.84 0.82 0.81 0.85 0.83 0.84 0.82 0.81 0.00 0.81 0.83 0.82 0.82 0.84 0.84 0.82 0.81 0.82 0.81 0.85 0.83 0.83 0.83 0.85 0.84 0.82 0.84 0.81 0.81 0.82 0.81 0.81 0.82 0.86 0.82 0.81 0.35 0.84 0.84
galago 0.42 0.34 0.37 0.69 0.34 0.36 0.34 0.40 0.41 0.39 0.35 0.40 0.38 0.81 0.00 0.35 0.34 0.42 0.45 0.35 0.34 0.29 0.34 0.36 0.57 0.51 0.30 0.39 0.59 0.34 0.35 0.39 0.69 0.42 0.51 0.42 0.40 0.45 0.36 0.38 0.48 0.81 0.34 0.59
gibbon 0.38 0.14 0.33 0.67 0.12 0.33 0.14 0.35 0.38 0.36 0.19 0.36 0.35 0.83 0.35 0.00 0.11 0.39 0.41 0.32 0.11 0.29 0.14 0.20 0.54 0.50 0.30 0.35 0.56 0.12 0.18 0.35 0.70 0.38 0.48 0.39 0.36 0.43 0.20 0.34 0.48 0.83 0.15 0.57
gorilla 0.37 0.13 0.33 0.67 0.09 0.32 0.13 0.35 0.37 0.36 0.18 0.35 0.35 0.82 0.34 0.11 0.00 0.39 0.41 0.31 0.08 0.29 0.13 0.19 0.54 0.49 0.30 0.35 0.55 0.11 0.18 0.34 0.69 0.38 0.48 0.39 0.35 0.42 0.19 0.34 0.47 0.83 0.14 0.56
guinea_pig 0.45 0.39 0.41 0.70 0.39 0.40 0.39 0.43 0.46 0.44 0.40 0.43 0.42 0.82 0.42 0.39 0.39 0.00 0.47 0.39 0.38 0.39 0.39 0.40 0.59 0.51 0.40 0.43 0.59 0.39 0.39 0.43 0.71 0.43 0.51 0.46 0.43 0.47 0.41 0.39 0.53 0.83 0.40 0.60
heagehog 0.45 0.41 0.40 0.69 0.42 0.39 0.41 0.42 0.45 0.42 0.43 0.43 0.42 0.84 0.45 0.41 0.41 0.47 0.00 0.40 0.41 0.41 0.41 0.42 0.59 0.56 0.42 0.42 0.61 0.42 0.41 0.42 0.73 0.48 0.55 0.47 0.43 0.47 0.43 0.43 0.56 0.84 0.42 0.61
horse 0.41 0.31 0.29 0.67 0.34 0.35 0.31 0.32 0.39 0.38 0.36 0.34 0.31 0.84 0.35 0.32 0.31 0.39 0.40 0.00 0.30 0.31 0.31 0.33 0.61 0.50 0.34 0.37 0.60 0.34 0.32 0.35 0.70 0.38 0.49 0.36 0.33 0.42 0.39 0.35 0.51 0.85 0.33 0.59
human 0.37 0.13 0.32 0.67 0.08 0.32 0.13 0.34 0.37 0.35 0.18 0.36 0.35 0.82 0.34 0.11 0.08 0.38 0.41 0.30 0.00 0.29 0.13 0.19 0.54 0.49 0.29 0.35 0.55 0.10 0.18 0.34 0.69 0.38 0.48 0.39 0.35 0.42 0.19 0.34 0.46 0.83 0.14 0.56
lemur 0.38 0.29 0.33 0.67 0.28 0.32 0.29 0.34 0.37 0.35 0.30 0.36 0.34 0.81 0.29 0.29 0.29 0.39 0.41 0.31 0.29 0.00 0.29 0.30 0.56 0.48 0.18 0.35 0.57 0.28 0.29 0.34 0.68 0.37 0.48 0.38 0.35 0.41 0.31 0.34 0.46 0.82 0.29 0.57
macaque 0.37 0.08 0.33 0.67 0.13 0.32 0.10 0.34 0.37 0.36 0.18 0.36 0.35 0.82 0.34 0.14 0.13 0.39 0.41 0.31 0.13 0.29 0.00 0.20 0.54 0.49 0.29 0.35 0.56 0.13 0.18 0.34 0.69 0.38 0.47 0.39 0.35 0.42 0.20 0.35 0.47 0.83 0.09 0.56
marmoset 0.40 0.20 0.34 0.67 0.20 0.34 0.20 0.36 0.38 0.37 0.16 0.37 0.36 0.81 0.36 0.20 0.19 0.40 0.42 0.33 0.19 0.30 0.20 0.00 0.57 0.50 0.32 0.38 0.57 0.21 0.13 0.35 0.69 0.40 0.49 0.40 0.37 0.45 0.15 0.36 0.49 0.83 0.21 0.58
monodelphis 0.60 0.55 0.55 0.64 0.61 0.60 0.55 0.55 0.64 0.63 0.56 0.54 0.55 0.85 0.57 0.54 0.54 0.59 0.59 0.61 0.54 0.56 0.54 0.57 0.00 0.64 0.56 0.62 0.21 0.60 0.55 0.62 0.68 0.58 0.63 0.59 0.56 0.62 0.64 0.55 0.64 0.85 0.59 0.30
mouse 0.56 0.49 0.50 0.71 0.52 0.49 0.49 0.51 0.55 0.54 0.51 0.52 0.51 0.83 0.51 0.50 0.49 0.51 0.56 0.50 0.49 0.48 0.49 0.50 0.64 0.00 0.51 0.53 0.64 0.51 0.49 0.53 0.71 0.52 0.27 0.54 0.52 0.57 0.54 0.48 0.58 0.83 0.50 0.65
mouse_lemur 0.39 0.29 0.35 0.68 0.32 0.36 0.30 0.35 0.39 0.39 0.33 0.37 0.35 0.83 0.30 0.30 0.30 0.40 0.42 0.34 0.29 0.18 0.29 0.32 0.56 0.51 0.00 0.37 0.58 0.32 0.30 0.38 0.69 0.38 0.49 0.39 0.37 0.45 0.34 0.35 0.48 0.83 0.32 0.58
muntjak_indian 0.49 0.35 0.33 0.68 0.39 0.39 0.35 0.15 0.50 0.44 0.40 0.38 0.34 0.83 0.39 0.35 0.35 0.43 0.42 0.37 0.35 0.35 0.35 0.38 0.62 0.53 0.37 0.00 0.65 0.39 0.36 0.38 0.68 0.42 0.50 0.40 0.15 0.44 0.46 0.38 0.52 0.84 0.39 0.59
oppssum 0.63 0.56 0.57 0.64 0.61 0.63 0.56 0.57 0.65 0.64 0.57 0.55 0.57 0.85 0.59 0.56 0.55 0.59 0.61 0.60 0.55 0.57 0.56 0.57 0.21 0.64 0.58 0.65 0.00 0.60 0.56 0.62 0.68 0.59 0.63 0.61 0.59 0.63 0.63 0.56 0.66 0.84 0.59 0.31
