44
armadillo 0.00 13368.00 13512.00 18802.00 12117.00 11608.00 13209.00 14150.00 11493.00 11688.00 11536.00 13167.00 14507.00 25005.00 14325.00 13030.00 13318.00 15486.00 15374.00 11198.00 13614.00 13403.00 13361.00 16425.00 14235.00 16190.00 11447.00 12682.00 14257.00 12284.00 13603.00 11790.00 18242.00 15199.00 17697.00 14318.00 14031.00 14337.00 10689.00 14546.00 15816.00 26670.00 11501.00 15598.00
baboon 13368.00 0.00 11327.00 20125.00 5559.00 14039.00 1880.00 11846.00 15614.00 14871.00 7158.00 12348.00 12220.00 30153.00 11842.00 3881.00 3454.00 13180.00 13577.00 11991.00 3383.00 9674.00 774.00 8232.00 20069.00 16424.00 10217.00 15278.00 18435.00 5202.00 5632.00 13369.00 22950.00 13169.00 16959.00 14693.00 12286.00 14661.00 9401.00 11422.00 18196.00 32692.00 2996.00 17156.00
cat 13512.00 11327.00 0.00 19110.00 12015.00 6706.00 11402.00 11367.00 15135.00 12551.00 11973.00 11521.00 8845.00 28988.00 12459.00 11225.00 11253.00 13335.00 14305.00 11018.00 11151.00 11822.00 11322.00 13544.00 19988.00 16758.00 12040.00 14561.00 19006.00 11881.00 11548.00 12473.00 21984.00 14073.00 17288.00 13599.00 11596.00 14550.00 13302.00 12454.00 17588.00 31527.00 12102.00 17681.00
chicken 18802.00 20125.00 19110.00 0.00 19310.00 18835.00 19822.00 19466.00 19166.00 19256.00 18523.00 19133.00 19881.00 28424.00 21082.00 19820.00 20156.00 20731.00 20565.00 19085.00 20306.00 20015.00 19924.00 21746.00 19523.00 21683.00 18701.00 19718.00 19063.00 19503.00 19982.00 18435.00 23196.00 20171.00 21911.00 21105.00 19203.00 20610.00 19068.00 19890.00 21717.00 30378.00 19325.00 18792.00
chimp 12117.00 5559.00 12015.00 19310.00 0.00 12303.00 5582.00 12350.00 12845.00 12060.00 7483.00 13084.00 13151.00 28228.00 12290.00 4512.00 3598.00 13541.00 13950.00 10362.00 3638.00 10351.00 5423.00 10192.00 16090.00 16002.00 10113.00 12306.00 15686.00 2003.00 7566.00 11432.00 20046.00 13598.00 17113.00 15210.00 12434.00 14073.00 8139.00 12563.00 17093.00 30737.00 5704.00 16291.00
clouded_leopard 11608.00 14039.00 6706.00 18835.00 12303.00 0.00 13988.00 13517.00 10725.00 9792.00 12046.00 13151.00 11598.00 22983.00 13409.00 13723.00 13999.00 14817.00 16155.00 10367.00 14189.00 13252.00 13976.00 17142.00 13264.00 15136.00 12120.00 10251.00 14264.00 12601.00 14253.00 10879.00 16902.00 14930.00 16691.00 13879.00 13267.00 13564.00 11598.00 14627.00 13359.00 25210.00 12514.00 16282.00
colobus_monkey 13209.00 1880.00 11402.00 19822.00 5582.00 13988.00 0.00 11715.00 15308.00 14725.00 7198.00 12230.00 12192.00 29616.00 12041.00 3836.00 3476.00 12919.00 13612.00 11530.00 3413.00 9731.00 1850.00 8215.00 19668.00 16572.00 10197.00 15024.00 18176.00 5230.00 5738.00 13162.00 22627.00 13172.00 16900.00 14666.00 12203.00 14608.00 9111.00 11267.00 17955.00 32006.00 3467.00 17051.00
cow 14150.00 11846.00 11367.00 19466.00 12350.00 13517.00 11715.00 0.00 15679.00 14771.00 12341.00 12054.00 11972.00 29305.00 13365.00 11940.00 11926.00 14559.00 14596.00 12043.00 11841.00 11359.00 11811.00 14339.00 20042.00 16710.00 11941.00 10268.00 19360.00 12142.00 12049.00 11255.00 22515.00 14216.00 16889.00 13866.00 3593.00 14561.00 13450.00 13162.00 17722.00 31417.00 12450.00 17777.00
cpbat 11493.00 15614.00 15135.00 19166.00 12845.00 10725.00 15308.00 15679.00 0.00 10635.00 13127.00 15150.00 15531.00 22478.00 15448.00 15128.00 15648.00 17082.00 17354.00 10972.00 16042.00 14753.00 15657.00 18626.00 11327.00 16188.00 12979.00 11183.00 12436.00 13215.00 16339.00 11017.00 16462.00 16471.00 18495.00 15252.00 15024.00 13345.00 11440.00 16682.00 14148.00 24114.00 12638.00 15942.00
dog 11688.00 14871.00 12551.00 19256.00 12060.00 9792.00 14725.00 14771.00 10635.00 0.00 12970.00 14025.00 12239.00 23863.00 14365.00 14117.00 14766.00 16332.00 16922.00 10797.00 15093.00 13888.00 14751.00 17989.00 12979.00 16358.00 12624.00 11060.00 13692.00 12323.00 15511.00 9744.00 17449.00 15133.00 18266.00 14591.00 14067.00 13049.00 10410.00 15552.00 14175.00 25365.00 13046.00 16471.00
dusky_titi 11536.00 7158.00 11973.00 18523.00 7483.00 12046.00 7198.00 12341.00 13127.00 12970.00 0.00 12242.00 12761.00 26549.00 12272.00 6957.00 7001.00 13899.00 14695.00 11182.00 7122.00 10480.00 7071.00 8520.00 15978.00 14924.00 10455.00 13083.00 14849.00 7710.00 5023.00 12222.00 19382.00 13395.00 16408.00 13866.00 12081.00 13575.00 7309.00 12139.00 15927.00 28984.00 7230.00 15401.00
elephant 13167.00 12348.00 11521.00 19133.00 13084.00 13151.00 12230.00 12054.00 15150.00 14025.00 12242.00 0.00 12359.00 27651.00 13217.00 11937.00 11910.00 14462.00 15120.00 12575.00 12143.00 11782.00 12282.00 14576.00 19207.00 16006.00 12060.00 14820.00 18001.00 12939.00 12102.00 13515.00 21158.00 13296.00 17194.00 14701.00 12699.00 14313.00 13454.00 12700.00 15399.00 29527.00 12669.00 16772.00
ferret 14507.00 12220.00 8845.00 19881.00 13151.00 11598.00 12192.00 11972.00 15531.00 12239.00 12761.00 12359.00 0.00 28289.00 13064.00 12315.00 12137.00 13940.00 14996.00 11885.00 12134.00 12211.00 12047.00 13917.00 20085.00 16270.00 12537.00 15129.00 18838.00 12850.00 12571.00 13105.00 21885.00 13670.00 17179.00 13496.00 12048.00 14784.00 14420.00 12644.00 16878.00 30932.00 12832.00 18002.00
fugu 25005.00 30153.00 28988.00 28424.00 28228.00 22983.00 29616.00 29305.00 22478.00 23863.00 26549.00 27651.00 28289.00 0.00 27870.00 28899.00 29827.00 29158.00 31773.00 26325.00 30387.00 28191.00 29670.00 32605.00 20946.00 26585.00 25874.00 23125.00 23172.00 28375.00 31101.00 24659.00 22716.00 27598.00 27370.00 25731.00 28681.00 24130.00 26039.00 29360.00 22212.00 9619.00 27813.00 26763.00
galago 14325.00 11842.00 12459.00 21082.00 12290.00 13409.00 12041.00 13365.00 15448.00 14365.00 12272.00 13217.00 13064.00 27870.00 0.00 11872.00 11830.00 14095.00 15776.00 12610.00 11915.00 9661.00 11806.00 14735.00 19482.00 15724.00 10573.00 15011.00 18985.00 12253.00 12568.00 13764.00 21244.00 13450.00 16266.00 14298.00 13180.00 14783.00 13461.00 13150.00 16335.00 29768.00 11986.00 18029.00
gibbon 13030.00 3881.00 11225.00 19820.00 4512.00 13723.00 3836.00 11940.00 15128.00 14117.00 6957.00 11937.00 12315.00 28899.00 11872.00 0.00 2675.00 13260.00 13489.00 11559.00 2499.00 9797.00 3698.00 8058.00 19127.00 16444.00 10207.00 14554.00 17842.00 4447.00 5906.00 12796.00 22194.00 13343.00 16909.00 14700.00 12076.00 14755.00 8873.00 11648.00 18161.00 31550.00 5037.00 16698.00
gorilla 13318.00 3454.00 11253.00 20156.00 3598.00 13999.00 3476.00 11926.00 15648.00 14766.00 7001.00 11910.00 12137.00 29827.00 11830.00 2675.00 0.00 12863.00 13618.00 11738.00 1153.00 9541.00 3391.00 7896.00 20208.00 16402.00 10284.00 15404.00 18529.00 3985.00 5476.00 12898.00 22615.00 13029.00 17079.00 14766.00 12223.00 14901.00 9055.00 11193.00 18304.00 32623.00 4941.00 17242.00
guinea_pig 15486.00 13180.00 13335.00 20731.00 13541.00 14817.00 12919.00 14559.00 17082.00 16332.00 13899.00 14462.00 13940.00 29158.00 14095.00 13260.00 12863.00 0.00 16122.00 13962.00 12892.00 13640.00 13076.00 15473.00 20426.00 16945.00 13910.00 16395.00 19206.00 13560.00 13663.00 15424.00 23336.00 15472.00 17776.00 15683.00 14721.00 15828.00 14677.00 13211.00 18842.00 31634.00 13857.00 18679.00
heagehog 15374.00 13577.00 14305.00 20565.00 13950.00 16155.00 13612.00 14596.00 17354.00 16922.00 14695.00 15120.00 14996.00 31773.00 15776.00 13489.00 13618.00 16122.00 0.00 14231.00 13693.00 15138.00 13532.00 16138.00 21001.00 19175.00 14937.00 17266.00 20428.00 13993.00 14497.00 15259.00 24337.00 16904.00 20057.00 17799.00 15041.00 17172.00 15325.00 15035.00 20866.00 33568.00 13533.00 19143.00
horse 11198.00 11991.00 11018.00 19085.00 10362.00 10367.00 11530.00 12043.00 10972.00 10797.00 11182.00 12575.00 11885.00 26325.00 12610.00 11559.00 11738.00 13962.00 14231.00 0.00 12116.00 11904.00 11814.00 15248.00 14437.00 14532.00 11018.00 10471.00 14760.00 10863.00 12479.00 9925.00 18895.00 13909.00 16782.00 13474.00 11721.00 13303.00 10678.00 12842.00 15522.00 28297.00 10272.00 15966.00
human 13614.00 3383.00 11151.00 20306.00 3638.00 14189.00 3413.00 11841.00 16042.00 15093.00 7122.00 12143.00 12134.00 30387.00 11915.00 2499.00 1153.00 12892.00 13693.00 12116.00 0.00 9593.00 3376.00 7749.00 20587.00 16636.00 10395.00 15800.00 19049.00 4192.00 5407.00 13359.00 23008.00 13159.00 17033.00 14855.00 12255.00 14959.00 9379.00 11235.00 18686.00 32993.00 5112.00 17818.00
lemur 13403.00 9674.00 11822.00 20015.00 10351.00 13252.00 9731.00 11359.00 14753.00 13888.00 10480.00 11782.00 12211.00 28191.00 9661.00 9797.00 9541.00 13640.00 15138.00 11904.00 9593.00 0.00 9683.00 12443.00 19555.00 15189.00 6152.00 14360.00 18495.00 10233.00 10004.00 12491.00 21196.00 12771.00 16270.00 13394.00 11624.00 13948.00 11696.00 11562.00 16421.00 29943.00 10152.00 17179.00
macaque 13361.00 774.00 11322.00 19924.00 5423.00 13976.00 1850.00 11811.00 15657.00 14751.00 7071.00 12282.00 12047.00 29670.00 11806.00 3698.00 3391.00 13076.00 13532.00 11814.00 3376.00 9683.00 0.00 8197.00 19918.00 16342.00 10245.00 15171.00 18395.00 5070.00 5525.00 13302.00 22838.00 13195.00 16828.00 14640.00 12130.00 14449.00 9422.00 11438.00 18185.00 32304.00 2939.00 17134.00
marmoset 16425.00 8232.00 13544.00 21746.00 10192.00 17142.00 8215.00 14339.00 18626.00 17989.00 8520.00 14576.00 13917.00 32605.00 14735.00 8058.00 7896.00 15473.00 16138.00 15248.00 7749.00 12443.00 8197.00 0.00 23696.00 19223.00 13405.00 19440.00 21577.00 10080.00 5280.00 15697.00 25666.00 16157.00 19593.00 17180.00 14639.00 18405.00 9991.00 14045.00 21658.00 34969.00 10254.00 19760.00
monodelphis 14235.00 20069.00 19988.00 19523.00 16090.00 13264.00 19668.00 20042.00 11327.00 12979.00 15978.00 19207.00 20085.00 20946.00 19482.00 19127.00 20208.00 20426.00 21001.00 14437.00 20587.00 19555.00 19918.00 23696.00 0.00 18231.00 16880.00 12089.00 5946.00 16523.00 20933.00 14376.00 15709.00 19884.00 21083.00 19328.00 18993.00 17142.00 14123.00 20785.00 16591.00 22763.00 16539.00 12567.00
mouse 16190.00 16424.00 16758.00 21683.00 16002.00 15136.00 16572.00 16710.00 16188.00 16358.00 14924.00 16006.00 16270.00 26585.00 15724.00 16444.00 16402.00 16945.00 19175.00 14532.00 16636.00 15189.00 16342.00 19223.00 18231.00 0.00 15534.00 15578.00 17899.00 15997.00 16530.00 16114.00 20001.00 16246.00 9023.00 17328.00 16157.00 16633.00 15956.00 15975.00 17192.00 28066.00 15162.00 18167.00
mouse_lemur 11447.00 10217.00 12040.00 18701.00 10113.00 12120.00 10197.00 11941.00 12979.00 12624.00 10455.00 12060.00 12537.00 25874.00 10573.00 10207.00 10284.00 13910.00 14937.00 11018.00 10395.00 6152.00 10245.00 13405.00 16880.00 15534.00 0.00 12635.00 16421.00 10091.00 10962.00 11917.00 19251.00 13232.00 16335.00 13216.00 12050.00 13764.00 10981.00 12502.00 15534.00 28238.00 9937.00 16226.00
muntjak_indian 12682.00 15278.00 14561.00 19718.00 12306.00 10251.00 15024.00 10268.00 11183.00 11060.00 13083.00 14820.00 15129.00 23125.00 15011.00 14554.00 15404.00 16395.00 17266.00 10471.00 15800.00 14360.00 15171.00 19440.00 12089.00 15578.00 12635.00 0.00 13946.00 12817.00 16059.00 11375.00 17529.00 16154.00 17703.00 15485.00 9577.00 14126.00 12194.00 16466.00 14635.00 25470.00 13137.00 16208.00
oppssum 14257.00 18435.00 19006.00 19063.00 15686.00 14264.00 18176.00 19360.00 12436.00 13692.00 14849.00 18001.00 18838.00 23172.00 18985.00 17842.00 18529.00 19206.00 20428.00 14760.00 19049.00 18495.00 18395.00 21577.00 5946.00 17899.00 16421.00 13946.00 0.00 16101.00 19128.00 14829.00 16911.00 19336.00 20409.00 19070.00 18684.00 17230.00 13758.00 19437.00 17435.00 24650.00 15822.00 10942.00
orangatun 12284.00 5202.00 11881.00 19503.00 2003.00 12601.00 5230.00 12142.00 13215.00 12323.00 7710.00 12939.00 12850.00 28375.00 12253.00 4447.00 3985.00 13560.00 13993.00 10863.00 4192.00 10233.00 5070.00 10080.00 16523.00 15997.00 10091.00 12817.00 16101.00 0.00 7461.00 11640.00 20577.00 13402.00 17183.00 14967.00 12337.00 14096.00 8440.00 12828.00 17401.00 31078.00 5352.00 16252.00
owl_monkey 13603.00 5632.00 11548.00 19982.00 7566.00 14253.00 5738.00 12049.00 16339.00 15511.00 5023.00 12102.00 12571.00 31101.00 12568.00 5906.00 5476.00 13663.00 14497.00 12479.00 5407.00 10004.00 5525.00 5280.00 20933.00 16530.00 10962.00 16059.00 19128.00 7461.00 0.00 13641.00 23178.00 13795.00 17423.00 14806.00 12411.00 15304.00 7307.00 12005.00 18519.00 33334.00 7101.00 17429.00
pig 11790.00 13369.00 12473.00 18435.00 11432.00 10879.00 13162.00 11255.00 11017.00 9744.00 12222.00 13515.00 13105.00 24659.00 13764.00 12796.00 12898.00 15424.00 15259.00 9925.00 13359.00 12491.00 13302.00 15697.00 14376.00 16114.00 11917.00 11375.00 14829.00 11640.00 13641.00 0.00 18057.00 14905.00 17312.00 14333.00 11263.00 14170.00 10078.00 14464.00 14468.00 26199.00 11966.00 16318.00
platypus 18242.00 22950.00 21984.00 23196.00 20046.00 16902.00 22627.00 22515.00 16462.00 17449.00 19382.00 21158.00 21885.00 22716.00 21244.00 22194.00 22615.00 23336.00 24337.00 18895.00 23008.00 21196.00 22838.00 25666.00 15709.00 20001.00 19251.00 17529.00 16911.00 20577.00 23178.00 18057.00 0.00 21021.00 22425.00 20664.00 21764.00 19529.00 18510.00 23322.00 17422.00 23572.00 20170.00 19846.00
rabbit 15199.00 13169.00 14073.00 20171.00 13598.00 14930.00 13172.00 14216.00 16471.00 15133.00 13395.00 13296.00 13670.00 27598.00 13450.00 13343.00 13029.00 15472.00 16904.00 13909.00 13159.00 12771.00 13195.00 16157.00 19884.00 16246.00 13232.00 16154.00 19336.00 13402.00 13795.00 14905.00 21021.00 0.00 16508.00 15251.00 14309.00 15538.00 14970.00 14250.00 16120.00 29927.00 13262.00 18447.00
rat 17697.00 16959.00 17288.00 21911.00 17113.00 16691.00 16900.00 16889.00 18495.00 18266.00 16408.00 17194.00 17179.00 27370.00 16266.00 16909.00 17079.00 17776.00 20057.00 16782.00 17033.00 16270.00 16828.00 19593.00 21083.00 9023.00 16335.00 17703.00 20409.00 17183.00 17423.00 17312.00 22425.00 16508.00 0.00 18045.00 16973.00 17767.00 17857.00 16528.00 18308.00 29542.00 16735.00 19845.00
rfbat 14318.00 14693.00 13599.00 21105.00 15210.00 13879.00 14666.00 13866.00 15252.00 14591.00 13866.00 14701.00 13496.00 25731.00 14298.00 14700.00 14766.00 15683.00 17799.00 13474.00 14855.00 13394.00 14640.00 17180.00 19328.00 17328.00 13216.00 15485.00 19070.00 14967.00 14806.00 14333.00 20664.00 15251.00 18045.00 0.00 13976.00 15208.00 14619.00 14784.00 15761.00 27509.00 14632.00 19313.00
sheep 14031.00 12286.00 11596.00 19203.00 12434.00 13267.00 12203.00 3593.00 15024.00 14067.00 12081.00 12699.00 12048.00 28681.00 13180.00 12076.00 12223.00 14721.00 15041.00 11721.00 12255.00 11624.00 12130.00 14639.00 18993.00 16157.00 12050.00 9577.00 18684.00 12337.00 12411.00 11263.00 21764.00 14309.00 16973.00 13976.00 0.00 14319.00 13331.00 13380.00 16963.00 30247.00 12439.00 17305.00
shrew 14337.00 14661.00 14550.00 20610.00 14073.00 13564.00 14608.00 14561.00 13345.00 13049.00 13575.00 14313.00 14784.00 24130.00 14783.00 14755.00 14901.00 15828.00 17172.00 13303.00 14959.00 13948.00 14449.00 18405.00 17142.00 16633.00 13764.00 14126.00 17230.00 14096.00 15304.00 14170.00 19529.00 15538.00 17767.00 15208.00 14319.00 0.00 14060.00 15171.00 15632.00 25324.00 13894.00 18098.00
squirrel_monkey 10689.00 9401.00 13302.00 19068.00 8139.00 11598.00 9111.00 13450.00 11440.00 10410.00 7309.00 13454.00 14420.00 26039.00 13461.00 8873.00 9055.00 14677.00 15325.00 10678.00 9379.00 11696.00 9422.00 9991.00 14123.00 15956.00 10981.00 12194.00 13758.00 8440.00 7307.00 10078.00 18510.00 14970.00 17857.00 14619.00 13331.00 14060.00 0.00 14066.00 15396.00 27738.00 7868.00 15950.00
st_squirrel 14546.00 11422.00 12454.00 19890.00 12563.00 14627.00 11267.00 13162.00 16682.00 15552.00 12139.00 12700.00 12644.00 29360.00 13150.00 11648.00 11193.00 13211.00 15035.00 12842.00 11235.00 11562.00 11438.00 14045.00 20785.00 15975.00 12502.00 16466.00 19437.00 12828.00 12005.00 14464.00 23322.00 14250.00 16528.00 14784.00 13380.00 15171.00 14066.00 0.00 18183.00 31697.00 12114.00 18131.00
tenrec 15816.00 18196.00 17588.00 21717.00 17093.00 13359.00 17955.00 17722.00 14148.00 14175.00 15927.00 15399.00 16878.00 22212.00 16335.00 18161.00 18304.00 18842.00 20866.00 15522.00 18686.00 16421.00 18185.00 21658.00 16591.00 17192.00 15534.00 14635.00 17435.00 17401.00 18519.00 14468.00 17422.00 16120.00 18308.00 15761.00 16963.00 15632.00 15396.00 18183.00 0.00 23854.00 16623.00 19646.00
tetra 26670.00 32692.00 31527.00 30378.00 30737.00 25210.00 32006.00 31417.00 24114.00 25365.00 28984.00 29527.00 30932.00 9619.00 29768.00 31550.00 32623.00 31634.00 33568.00 28297.00 32993.00 29943.00 32304.00 34969.00 22763.00 28066.00 28238.00 25470.00 24650.00 31078.00 33334.00 26199.00 23572.00 29927.00 29542.00 27509.00 30247.00 25324.00 27738.00 31697.00 23854.00 0.00 30022.00 28829.00
vervet 11501.00 2996.00 12102.00 19325.00 5704.00 12514.00 3467.00 12450.00 12638.00 13046.00 7230.00 12669.00 12832.00 27813.00 11986.00 5037.00 4941.00 13857.00 13533.00 10272.00 5112.00 10152.00 2939.00 10254.00 16539.00 15162.00 9937.00 13137.00 15822.00 5352.00 7101.00 11966.00 20170.00 13262.00 16735.00 14632.00 12439.00 13894.00 7868.00 12114.00 16623.00 30022.00 0.00 15958.00
wallaby 15598.00 17156.00 17681.00 18792.00 16291.00 16282.00 17051.00 17777.00 15942.00 16471.00 15401.00 16772.00 18002.00 26763.00 18029.00 16698.00 17242.00 18679.00 19143.00 15966.00 17818.00 17179.00 17134.00 19760.00 12567.00 18167.00 16226.00 16208.00 10942.00 16252.00 17429.00 16318.00 19846.00 18447.00 19845.00 19313.00 17305.00 18098.00 15950.00 18131.00 19646.00 28829.00 15958.00 0.00
44
armadillo 0.00 259590.12 234839.88 94776.33 39291.66 28868.12 197922.65 124325.63 43984.85 31288.79 41818.60 117977.77 228521.41 36909.46 78670.15 174240.76 234044.81 139546.20 496729.65 29883.75 298769.54 117223.57 215152.30 10852484.17 114057.01 48549.07 49601.65 41569.47 31543.04 46454.97 230553.92 31538.31 33685.75 89568.81 92327.05 59083.80 98558.23 38498.23 28643.24 276342.77 31861.32 38316.65 42064.72 54668.48
baboon 259590.12 0.00 400654.07 310799.12 227843.04 256333.25 147076.86 319653.74 247782.84 255784.67 248083.20 309279.91 387593.81 228330.01 298549.43 229025.98 237395.20 325864.34 638885.83 261421.97 266235.89 303744.83 74077.99 11122229.95 292288.16 271887.70 267313.43 254891.00 247131.39 227189.63 306975.48 253298.42 251191.83 293786.17 308241.41 280948.34 302759.78 263883.31 252140.25 436671.66 260224.32 227675.42 194550.48 272695.27
cat 234839.88 400654.07 0.00 279180.89 239161.58 216172.12 356455.66 291615.60 230833.21 231900.23 241314.95 287984.36 345273.51 209342.43 270441.48 337351.68 368701.99 321036.77 617989.92 236903.19 427106.95 287511.30 359962.28 11059695.89 267201.12 248580.11 242811.07 234257.92 227095.12 243928.83 369196.12 233224.09 234834.65 275884.85 290683.51 255065.37 274230.22 246298.49 235069.27 424339.71 240213.68 209142.88 243041.30 252954.90
chicken 94776.33 310799.12 279180.89 0.00 105038.50 93253.10 253110.44 186588.15 99542.99 96959.80 106510.02 176585.23 273111.14 93798.59 138774.31 227139.23 282970.63 200150.19 512788.20 97935.38 344337.88 172088.74 264665.67 10702199.01 164043.36 111895.33 115962.69 102309.62 91122.40 110373.82 275253.97 94530.34 99506.32 153729.68 151866.17 122886.62 157580.01 106047.48 96793.23 322154.96 97759.15 93322.47 107203.98 119625.28
chimp 39291.66 227843.04 239161.58 105038.50 0.00 36858.13 173878.65 130708.06 51805.71 40591.81 40051.86 126995.78 231997.67 45961.08 87991.16 139828.01 174864.15 148514.43 500542.08 36954.02 233099.19 120857.75 182982.37 11556341.90 120413.17 56867.81 55148.01 48013.32 39525.34 18049.46 214631.95 38590.57 41695.95 96275.73 101191.26 67618.11 101891.16 47382.96 32257.00 282794.08 40489.83 46553.46 36400.42 62561.59
clouded_leopard 28868.12 256333.25 216172.12 93253.10 36858.13 0.00 197013.93 122598.03 43662.88 29348.70 39571.41 116642.21 226231.30 37207.60 75104.66 171989.08 226478.87 139671.83 484519.37 28892.98 290426.26 116293.97 209993.91 11109821.71 112166.74 46664.36 48336.43 38508.56 29816.78 43836.03 224342.71 28994.50 31736.74 89685.84 90654.27 58374.22 95558.15 36931.03 28159.85 276725.10 30648.80 36325.17 41262.02 54464.90
colobus_monkey 197922.65 147076.86 356455.66 253110.44 173878.65 197013.93 0.00 265164.54 196309.14 198991.54 191813.86 254526.58 341567.41 179222.21 239649.57 188697.07 202226.09 275642.83 593315.87 198410.02 242160.36 248890.09 122505.79 11297851.00 239709.76 212383.50 207175.10 200192.77 187240.40 172318.86 274817.61 194846.24 192701.35 241757.97 248859.85 221094.55 247417.03 200962.67 189580.70 390455.03 197639.31 178293.84 152115.65 214502.46
cow 124325.63 319653.74 291615.60 186588.15 130708.06 122598.03 265164.54 0.00 127188.78 122761.40 133470.67 196288.13 289310.49 118513.49 165615.25 244791.65 291983.38 226363.90 553413.32 123801.78 348671.65 189647.91 276367.86 11012769.91 189920.87 140640.58 137368.92 120012.25 122907.04 136371.56 285219.30 123393.24 125891.69 176198.75 184457.71 150432.63 102980.63 130788.27 125274.78 345033.79 126625.92 118852.28 134222.98 145938.55
cpbat 43984.85 247782.84 230833.21 99542.99 51805.71 43662.88 196309.14 127188.78 0.00 44619.83 55257.39 121706.11 219973.20 47390.73 85903.91 174252.72 225918.98 141344.57 474419.34 44897.33 287056.38 125351.56 203907.43 10241949.23 114353.67 61165.72 62330.45 52573.20 44304.34 57866.48 219450.54 43389.52 46919.04 100003.51 101791.92 69984.89 105359.97 50430.53 41722.06 267817.15 45046.27 46798.47 54322.95 66370.65
dog 31288.79 255784.67 231900.23 96959.80 40591.81 29348.70 198991.54 122761.40 44619.83 0.00 43051.41 118164.24 229039.41 38175.74 80071.74 172810.06 228718.57 138588.07 479013.19 31776.10 295787.43 115759.63 211838.98 10897001.17 113995.16 49667.55 51332.70 40943.40 31923.88 46757.43 225207.67 30608.57 34885.05 90712.61 95749.43 58381.06 95699.03 39155.81 30250.33 273515.98 32869.80 37316.61 44244.61 55356.26
dusky_titi 41818.60 248083.20 241314.95 106510.02 40051.86 39571.41 191813.86 133470.67 55257.39 43051.41 0.00 127708.46 238288.08 48999.45 86814.00 161886.77 214177.02 151601.12 505695.26 41710.77 279441.90 124087.76 203295.72 11704054.62 122969.20 59800.77 58875.63 49450.84 41284.49 46726.65 194614.26 40987.79 44538.59 99751.19 105500.18 69104.89 107266.09 48063.20 32235.35 285902.89 43828.91 48523.49 43823.30 66826.50
elephant 117977.77 309279.91 287984.36 176585.23 126995.78 116642.21 254526.58 196288.13 121706.11 118164.24 127708.46 0.00 284140.77 117283.55 159981.32 233614.96 287403.04 212768.84 524384.46 118244.07 345445.74 190068.41 269762.63 11170643.09 183269.07 137463.37 134796.14 127240.07 118561.78 132478.48 289949.41 116660.75 125699.23 165111.05 174408.03 144597.87 177850.80 129107.16 116335.02 342278.94 122566.00 118787.13 127316.58 136592.98
ferret 228521.41 387593.81 345273.51 273111.14 231997.67 226231.30 341567.41 289310.49 219973.20 229039.41 238288.08 284140.77 0.00 212967.90 259913.16 322512.63 374508.69 312196.83 620538.78 231833.31 421734.75 284973.59 353632.97 10984497.44 264341.83 239737.70 235924.33 229846.89 224172.45 232895.21 369323.32 221351.70 231801.77 270557.22 280786.17 250136.76 277446.25 236147.52 229353.63 418191.91 227650.97 214082.65 238451.60 249734.26
fugu 36909.46 228330.01 209342.43 93798.59 45961.08 37207.60 179222.21 118513.49 47390.73 38175.74 48999.45 117283.55 212967.90 0.00 82074.73 158751.42 202527.99 134685.65 420996.64 39122.27 254418.08 117514.63 188615.82 8802702.84 103650.53 53855.14 56192.72 46955.49 36662.93 52096.82 206430.43 39352.80 41936.27 92195.08 92526.76 66678.67 95742.19 46795.34 37366.55 237351.27 39674.47 41430.09 49157.76 59165.18
galago 78670.15 298549.43 270441.48 138774.31 87991.16 75104.66 239649.57 165615.25 85903.91 80071.74 86814.00 159981.32 259913.16 82074.73 0.00 211947.51 265855.01 185190.64 536646.27 79483.62 331506.53 145526.31 252509.12 11505399.59 150735.41 95816.22 93219.03 86029.87 78735.57 93160.79 264011.85 76124.96 84303.87 139130.35 139933.77 106896.98 136414.50 89050.26 77713.53 311896.26 81735.65 81861.22 91444.03 100676.14
gibbon 174240.76 229025.98 337351.68 227139.23 139828.01 171989.08 188697.07 244791.65 174252.72 172810.06 161886.77 233614.96 322512.63 158751.42 211947.51 0.00 156227.90 252916.77 566720.65 172165.20 190849.84 228187.77 196652.55 11290703.00 220789.65 190766.44 181838.93 174230.17 170210.89 138866.70 260433.49 172857.91 173569.79 214631.09 227229.93 200700.29 221311.14 178782.86 167721.34 371480.32 173987.21 161542.33 151382.46 194492.94
gorilla 234044.81 237395.20 368701.99 282970.63 174864.15 226478.87 202226.09 291983.38 225918.98 228718.57 214177.02 287403.04 374508.69 202527.99 265855.01 156227.90 0.00 301531.27 612620.84 231400.19 107330.94 274816.15 206630.45 11125994.08 266865.94 249293.69 241786.32 232190.28 220558.41 184256.92 281340.07 229872.20 224754.97 274567.34 282542.97 256826.60 275703.78 236707.13 222700.06 418716.28 232554.22 204779.17 197766.36 246681.79
guinea_pig 139546.20 325864.34 321036.77 200150.19 148514.43 139671.83 275642.83 226363.90 141344.57 138588.07 151601.12 212768.84 312196.83 134685.65 185190.64 252916.77 301531.27 0.00 570489.76 143014.53 361770.22 207546.11 292777.68 11192744.07 196603.57 153688.64 154831.06 145573.89 136358.67 153348.39 307163.95 141347.30 144424.53 193904.91 198190.23 167142.91 198639.46 150382.19 137652.89 349187.90 142654.55 129085.82 150440.25 162144.97
heagehog 496729.65 638885.83 617989.92 512788.20 500542.08 484519.37 593315.87 553413.32 474419.34 479013.19 505695.26 524384.46 620538.78 420996.64 536646.27 566720.65 612620.84 570489.76 0.00 490108.59 668237.55 548241.75 607294.87 10924765.23 494309.99 506844.82 514950.45 483784.37 472417.17 503249.25 625298.56 498606.26 470657.10 520341.02 540569.28 516110.87 541601.15 505724.67 493791.78 667179.19 489430.14 410826.62 512885.01 507766.42
horse 29883.75 261421.97 236903.19 97935.38 36954.02 28892.98 198410.02 123801.78 44897.33 31776.10 41710.77 118244.07 231833.31 39122.27 79483.62 172165.20 231400.19 143014.53 490108.59 0.00 298121.93 117724.64 215673.78 11212482.74 116858.84 48176.12 49372.37 39546.19 32356.64 43610.81 225196.16 29717.89 34598.37 92853.44 96078.10 58946.39 98114.20 38229.64 28637.37 279053.10 32331.81 38775.48 40086.52 54760.00
human 298769.54 266235.89 427106.95 344337.88 233099.19 290426.26 242160.36 348671.65 287056.38 295787.43 279441.90 345445.74 421734.75 254418.08 331506.53 190849.84 107330.94 361770.22 668237.55 298121.93 0.00 337464.31 237257.21 11013479.72 312370.66 315058.39 305675.68 291185.41 280813.32 245287.60 326267.52 297869.99 286580.50 337054.34 348006.06 319757.42 333703.14 302801.11 289320.10 475576.88 296656.39 262631.83 260176.93 306923.34
lemur 117223.57 303744.83 287511.30 172088.74 120857.75 116293.97 248890.09 189647.91 125351.56 115759.63 124087.76 190068.41 284973.59 117514.63 145526.31 228187.77 274816.15 207546.11 548241.75 117724.64 337464.31 0.00 258808.00 11397752.18 171587.22 134044.25 107220.35 121540.49 114729.70 126460.43 275315.02 118399.31 122243.85 166789.88 172706.43 143890.81 171423.01 129490.90 114868.80 322250.18 121632.48 121818.12 125156.87 138495.00
macaque 215152.30 74077.99 359962.28 264665.67 182982.37 209993.91 122505.79 276367.86 203907.43 211838.98 203295.72 269762.63 353632.97 188615.82 252509.12 196652.55 206630.45 292777.68 607294.87 215673.78 237257.21 258808.00 0.00 11241016.64 253549.70 227762.58 221303.27 213271.36 202828.57 180264.83 275862.77 208225.60 208574.17 253015.08 266257.53 234835.57 260406.52 218176.49 206217.91 397692.95 214114.99 189864.95 152666.67 228442.10
marmoset 10852484.17 11122229.95 11059695.89 10702199.01 11556341.90 11109821.71 11297851.00 11012769.91 10241949.23 10897001.17 11704054.62 11170643.09 10984497.44 8802702.84 11505399.59 11290703.00 11125994.08 11192744.07 10924765.23 11212482.74 11013479.72 11397752.18 11241016.64 0.00 8875547.54 11055507.45 11449160.00 10605110.76 10104813.37 11599899.97 10863676.80 10927088.56 10224365.36 11420274.27 11168822.23 11280427.52 11174396.29 11109609.21 11710868.72 10920362.18 10638455.39 8714197.05 11639634.08 10619696.55
monodelphis 114057.01 292288.16 267201.12 164043.36 120413.17 112166.74 239709.76 189920.87 114353.67 113995.16 122969.20 183269.07 264341.83 103650.53 150735.41 220789.65 266865.94 196603.57 494309.99 116858.84 312370.66 171587.22 253549.70 8875547.54 0.00 126344.67 128986.64 117979.16 107598.28 125417.97 258353.84 117270.94 115353.42 157545.92 160166.36 134715.25 165985.20 125173.94 111691.38 286188.93 115383.59 103583.19 125398.73 131693.54
mouse 48549.07 271887.70 248580.11 111895.33 56867.81 46664.36 212383.50 140640.58 61165.72 49667.55 59800.77 137463.37 239737.70 53855.14 95816.22 190766.44 249293.69 153688.64 506844.82 48176.12 315058.39 134044.25 227762.58 11055507.45 126344.67 0.00 67582.72 56382.89 46723.32 64435.67 236119.63 49245.41 51990.39 105337.70 96706.44 79791.02 111236.45 55507.82 46963.35 286756.32 48980.90 54277.42 60372.42 70499.75
mouse_lemur 49601.65 267313.43 242811.07 115962.69 55148.01 48336.43 207175.10 137368.92 62330.45 51332.70 58875.63 134796.14 235924.33 56192.72 93219.03 181838.93 241786.32 154831.06 514950.45 49372.37 305675.68 107220.35 221303.27 11449160.00 128986.64 67582.72 0.00 57306.35 52164.97 61471.23 235004.56 49562.91 54848.29 107296.85 113572.73 78773.01 111657.16 59574.30 47595.12 291784.31 52790.08 56986.78 59222.44 74596.78
muntjak_indian 41569.47 254891.00 234257.92 102309.62 48013.32 38508.56 200192.77 120012.25 52573.20 40943.40 49450.84 127240.07 229846.89 46955.49 86029.87 174230.17 232190.28 145573.89 483784.37 39546.19 291185.41 121540.49 213271.36 10605110.76 117979.16 56382.89 57306.35 0.00 41449.28 54525.02 228125.32 40583.62 42949.63 96865.90 100385.12 67205.66 93776.24 47508.44 38905.04 275093.54 42428.70 46764.02 50957.63 64402.30
oppssum 31543.04 247131.39 227095.12 91122.40 39525.34 29816.78 187240.40 122907.04 44304.34 31923.88 41284.49 118561.78 224172.45 36662.93 78735.57 170210.89 220558.41 136358.67 472417.17 32356.64 280813.32 114729.70 202828.57 10104813.37 107598.28 46723.32 52164.97 41449.28 0.00 46614.35 215710.23 33040.30 33071.79 90667.56 91682.23 58724.96 96162.70 38665.31 29802.43 264273.24 33138.58 35496.75 42804.50 52379.69
orangatun 46454.97 227189.63 243928.83 110373.82 18049.46 43836.03 172318.86 136371.56 57866.48 46757.43 46726.65 132478.48 232895.21 52096.82 93160.79 138866.70 184256.92 153348.39 503249.25 43610.81 245287.60 126460.43 180264.83 11599899.97 125417.97 64435.67 61471.23 54525.02 46614.35 0.00 217527.33 45833.70 48859.81 102977.88 108943.95 75332.69 110643.98 53093.76 38787.22 287167.31 47227.22 54557.16 40045.38 68863.80
owl_monkey 230553.92 306975.48 369196.12 275253.97 214631.95 224342.71 274817.61 285219.30 219450.54 225207.67 194614.26 289949.41 369323.32 206430.43 264011.85 260433.49 281340.07 307163.95 625298.56 225196.16 326267.52 275315.02 275862.77 10863676.80 258353.84 236119.63 235004.56 228125.32 215710.23 217527.33 0.00 223502.99 226853.91 272516.23 280213.39 252378.63 277769.88 239467.70 207060.62 420015.04 230107.29 210872.25 217741.44 245664.32
pig 31538.31 253298.42 233224.09 94530.34 38590.57 28994.50 194846.24 123393.24 43389.52 30608.57 40987.79 116660.75 221351.70 39352.80 76124.96 172857.91 229872.20 141347.30 498606.26 29717.89 297869.99 118399.31 208225.60 10927088.56 117270.94 49245.41 49562.91 40583.62 33040.30 45833.70 223502.99 0.00 34113.94 91211.06 94918.79 58916.74 94090.54 38674.95 28323.88 273754.95 31926.06 37051.88 41405.85 57319.70
platypus 33685.75 251191.83 234834.65 99506.32 41695.95 31736.74 192701.35 125891.69 46919.04 34885.05 44538.59 125699.23 231801.77 41936.27 84303.87 173569.79 224754.97 144424.53 470657.10 34598.37 286580.50 122243.85 208574.17 10224365.36 115353.42 51990.39 54848.29 42949.63 33071.79 48859.81 226853.91 34113.94 0.00 95744.43 98389.23 64058.46 101298.55 41917.32 32268.50 266393.92 34522.01 40228.10 46336.73 59092.68
rabbit 89568.81 293786.17 275884.85 153729.68 96275.73 89685.84 241757.97 176198.75 100003.51 90712.61 99751.19 165111.05 270557.22 92195.08 139130.35 214631.09 274567.34 193904.91 520341.02 92853.44 337054.34 166789.88 253015.08 11420274.27 157545.92 105337.70 107296.85 96865.90 90667.56 102977.88 272516.23 91211.06 95744.43 0.00 148148.59 118430.95 151183.37 101900.04 90826.20 311287.79 95957.06 92273.37 100463.18 112284.66
rat 92327.05 308241.41 290683.51 151866.17 101191.26 90654.27 248859.85 184457.71 101791.92 95749.43 105500.18 174408.03 280786.17 92526.76 139933.77 227229.93 282542.97 198190.23 540569.28 96078.10 348006.06 172706.43 266257.53 11168822.23 160166.36 96706.44 113572.73 100385.12 91682.23 108943.95 280213.39 94918.79 98389.23 148148.59 0.00 123230.28 158025.61 101870.72 93475.44 317079.75 95749.01 94974.36 106058.69 115056.37
rfbat 59083.80 280948.34 255065.37 122886.62 67618.11 58374.22 221094.55 150432.63 69984.89 58381.06 69104.89 144597.87 250136.76 66678.67 106896.98 200700.29 256826.60 167142.91 516110.87 58946.39 319757.42 143890.81 234835.57 11280427.52 134715.25 79791.02 78773.01 67205.66 58724.96 75332.69 252378.63 58916.74 64058.46 118430.95 123230.28 0.00 123351.49 69152.49 58534.63 296492.44 59870.93 67715.52 71997.22 85178.50
sheep 98558.23 302759.78 274230.22 157580.01 101891.16 95558.15 247417.03 102980.63 105359.97 95699.03 107266.09 177850.80 277446.25 95742.19 136414.50 221311.14 275703.78 198639.46 541601.15 98114.20 333703.14 171423.01 260406.52 11174396.29 165985.20 111236.45 111657.16 93776.24 96162.70 110643.98 277769.88 94090.54 101298.55 151183.37 158025.61 123351.49 0.00 105721.85 95083.86 322555.10 99185.83 94986.80 105723.69 118546.95
shrew 38498.23 263883.31 246298.49 106047.48 47382.96 36931.03 200962.67 130788.27 50430.53 39155.81 48063.20 129107.16 236147.52 46795.34 89050.26 178782.86 236707.13 150382.19 505724.67 38229.64 302801.11 129490.90 218176.49 11109609.21 125173.94 55507.82 59574.30 47508.44 38665.31 53093.76 239467.70 38674.95 41917.32 101900.04 101870.72 69152.49 105721.85 0.00 36925.32 281119.10 40498.34 45052.71 49666.86 63870.34
squirrel_monkey 28643.24 252140.25 235069.27 96793.23 32257.00 28159.85 189580.70 125274.78 41722.06 30250.33 32235.35 116335.02 229353.63 37366.55 77713.53 167721.34 222700.06 137652.89 493791.78 28637.37 289320.10 114868.80 206217.91 11710868.72 111691.38 46963.35 47595.12 38905.04 29802.43 38787.22 207060.62 28323.88 32268.50 90826.20 93475.44 58534.63 95083.86 36925.32 0.00 275036.55 30013.96 37720.79 35034.90 53318.93
st_squirrel 276342.77 436671.66 424339.71 322154.96 282794.08 276725.10 390455.03 345033.79 267817.15 273515.98 285902.89 342278.94 418191.91 237351.27 311896.26 371480.32 418716.28 349187.90 667179.19 279053.10 475576.88 322250.18 397692.95 10920362.18 286188.93 286756.32 291784.31 275093.54 264273.24 287167.31 420015.04 273754.95 266393.92 311287.79 317079.75 296492.44 322555.10 281119.10 275036.55 0.00 275997.54 241143.77 286297.98 284427.73
tenrec 31861.32 260224.32 240213.68 97759.15 40489.83 30648.80 197639.31 126625.92 45046.27 32869.80 43828.91 122566.00 227650.97 39674.47 81735.65 173987.21 232554.22 142654.55 489430.14 32331.81 296656.39 121632.48 214114.99 10638455.39 115383.59 48980.90 52790.08 42428.70 33138.58 47227.22 230107.29 31926.06 34522.01 95957.06 95749.01 59870.93 99185.83 40498.34 30013.96 275997.54 0.00 39648.95 45083.52 56431.06
tetra 38316.65 227675.42 209142.88 93322.47 46553.46 36325.17 178293.84 118852.28 46798.47 37316.61 48523.49 118787.13 214082.65 41430.09 81861.22 161542.33 204779.17 129085.82 410826.62 38775.48 262631.83 121818.12 189864.95 8714197.05 103583.19 54277.42 56986.78 46764.02 35496.75 54557.16 210872.25 37051.88 40228.10 92273.37 94974.36 67715.52 94986.80 45052.71 37720.79 241143.77 39648.95 0.00 50235.24 57797.88
vervet 42064.72 194550.48 243041.30 107203.98 36400.42 41262.02 152115.65 134222.98 54322.95 44244.61 43823.30 127316.58 238451.60 49157.76 91444.03 151382.46 197766.36 150440.25 512885.01 40086.52 260176.93 125156.87 152666.67 11639634.08 125398.73 60372.42 59222.44 50957.63 42804.50 40045.38 217741.44 41405.85 46336.73 100463.18 106058.69 71997.22 105723.69 49666.86 35034.90 286297.98 45083.52 50235.24 0.00 67257.73
wallaby 54668.48 272695.27 252954.90 119625.28 62561.59 54464.90 214502.46 145938.55 66370.65 55356.26 66826.50 136592.98 249734.26 59165.18 100676.14 194492.94 246681.79 162144.97 507766.42 54760.00 306923.34 138495.00 228442.10 10619696.55 131693.54 70499.75 74596.78 64402.30 52379.69 68863.80 245664.32 57319.70 59092.68 112284.66 115056.37 85178.50 118546.95 63870.34 53318.93 284427.73 56431.06 57797.88 67257.73 0.00
44
armadillo 0.00 0.11 0.12 0.16 0.14 0.15 0.11 0.12 0.15 0.16 0.14 0.11 0.12 0.28 0.12 0.12 0.11 0.13 0.13 0.14 0.11 0.11 0.11 0.11 0.16 0.16 0.13 0.15 0.17 0.14 0.11 0.16 0.20 0.13 0.14 0.13 0.12 0.15 0.15 0.12 0.18 0.28 0.13 0.16
baboon 0.11 0.00 0.12 0.17 0.06 0.10 0.05 0.12 0.10 0.11 0.08 0.13 0.13 0.23 0.13 0.07 0.07 0.13 0.13 0.10 0.07 0.12 0.04 0.07 0.12 0.15 0.11 0.10 0.13 0.06 0.08 0.11 0.19 0.14 0.15 0.14 0.13 0.13 0.08 0.13 0.15 0.23 0.04 0.15
cat 0.12 0.12 0.00 0.17 0.11 0.04 0.12 0.12 0.10 0.10 0.12 0.12 0.11 0.24 0.13 0.12 0.12 0.14 0.14 0.10 0.12 0.13 0.12 0.11 0.12 0.15 0.12 0.10 0.13 0.11 0.12 0.11 0.19 0.14 0.15 0.14 0.12 0.14 0.11 0.13 0.15 0.24 0.12 0.15
chicken 0.16 0.17 0.17 0.00 0.16 0.14 0.17 0.17 0.14 0.15 0.16 0.17 0.17 0.24 0.18 0.17 0.17 0.17 0.18 0.16 0.17 0.17 0.17 0.15 0.13 0.18 0.17 0.15 0.14 0.17 0.17 0.15 0.20 0.17 0.18 0.18 0.17 0.17 0.16 0.17 0.18 0.24 0.16 0.17
chimp 0.14 0.06 0.11 0.16 0.00 0.13 0.06 0.11 0.13 0.14 0.11 0.12 0.12 0.27 0.12 0.06 0.04 0.12 0.13 0.13 0.04 0.10 0.06 0.08 0.15 0.16 0.12 0.13 0.16 0.05 0.07 0.13 0.21 0.12 0.14 0.13 0.12 0.15 0.11 0.11 0.18 0.27 0.09 0.17
clouded_leopard 0.15 0.10 0.04 0.14 0.13 0.00 0.10 0.10 0.15 0.15 0.13 0.10 0.08 0.25 0.11 0.10 0.10 0.11 0.12 0.13 0.10 0.10 0.10 0.09 0.17 0.14 0.11 0.15 0.19 0.13 0.10 0.14 0.18 0.11 0.12 0.11 0.11 0.13 0.15 0.10 0.15 0.26 0.12 0.15
colobus_monkey 0.11 0.05 0.12 0.17 0.06 0.10 0.00 0.12 0.10 0.11 0.08 0.13 0.13 0.23 0.13 0.07 0.07 0.13 0.13 0.10 0.07 0.12 0.05 0.07 0.12 0.15 0.11 0.10 0.13 0.06 0.09 0.11 0.19 0.14 0.15 0.14 0.13 0.13 0.08 0.13 0.15 0.23 0.05 0.15
cow 0.12 0.12 0.12 0.17 0.11 0.10 0.12 0.00 0.10 0.11 0.12 0.13 0.13 0.23 0.14 0.13 0.13 0.14 0.14 0.11 0.12 0.13 0.12 0.11 0.12 0.15 0.13 0.06 0.14 0.12 0.13 0.10 0.19 0.14 0.15 0.14 0.07 0.13 0.11 0.13 0.15 0.23 0.12 0.15
cpbat 0.15 0.10 0.10 0.14 0.13 0.15 0.10 0.10 0.00 0.15 0.13 0.11 0.11 0.26 0.11 0.11 0.10 0.11 0.12 0.13 0.10 0.10 0.10 0.10 0.19 0.14 0.12 0.17 0.19 0.13 0.11 0.14 0.18 0.12 0.13 0.11 0.11 0.13 0.15 0.11 0.16 0.26 0.12 0.15
dog 0.16 0.11 0.10 0.15 0.14 0.15 0.11 0.11 0.15 0.00 0.14 0.11 0.09 0.25 0.11 0.11 0.11 0.12 0.13 0.14 0.11 0.11 0.11 0.10 0.17 0.15 0.12 0.15 0.18 0.13 0.11 0.14 0.18 0.12 0.14 0.12 0.11 0.14 0.15 0.12 0.16 0.25 0.13 0.16
dusky_titi 0.14 0.08 0.12 0.16 0.11 0.13 0.08 0.12 0.13 0.14 0.00 0.12 0.12 0.26 0.12 0.08 0.08 0.12 0.13 0.14 0.07 0.11 0.08 0.07 0.14 0.16 0.12 0.13 0.15 0.11 0.06 0.14 0.20 0.12 0.14 0.13 0.12 0.15 0.09 0.11 0.18 0.26 0.10 0.17
elephant 0.11 0.13 0.12 0.17 0.12 0.10 0.13 0.13 0.11 0.11 0.12 0.00 0.13 0.22 0.14 0.13 0.13 0.14 0.14 0.11 0.13 0.13 0.13 0.11 0.12 0.15 0.12 0.10 0.13 0.12 0.13 0.11 0.18 0.14 0.16 0.15 0.13 0.13 0.11 0.13 0.14 0.22 0.12 0.15
ferret 0.12 0.13 0.11 0.17 0.12 0.08 0.13 0.13 0.11 0.09 0.12 0.13 0.00 0.23 0.14 0.13 0.13 0.14 0.14 0.11 0.13 0.13 0.13 0.11 0.12 0.15 0.12 0.10 0.14 0.12 0.13 0.11 0.18 0.14 0.16 0.14 0.13 0.13 0.12 0.13 0.15 0.23 0.12 0.15
fugu 0.28 0.23 0.24 0.24 0.27 0.25 0.23 0.23 0.26 0.25 0.26 0.22 0.23 0.00 0.22 0.24 0.23 0.23 0.26 0.26 0.23 0.22 0.23 0.22 0.26 0.24 0.24 0.25 0.27 0.26 0.23 0.27 0.21 0.21 0.22 0.20 0.23 0.23 0.27 0.23 0.21 0.13 0.25 0.27
galago 0.12 0.13 0.13 0.18 0.12 0.11 0.13 0.14 0.11 0.11 0.12 0.14 0.14 0.22 0.00 0.13 0.13 0.14 0.15 0.12 0.13 0.12 0.13 0.11 0.13 0.15 0.11 0.11 0.14 0.12 0.13 0.12 0.18 0.14 0.16 0.14 0.14 0.14 0.11 0.14 0.15 0.22 0.12 0.16
